source 25.05,28.0,28.45,28.91,29.36,29.81,30.26,30.7 Up_Warning
source 31.15,26.15,29.15,29.6,28.65,27.2,28.15,27.95 Normal
source 25.05,28.0,28.45,28.91,29.36,29.81,30.26,30.7 Normal
source 31.15,31.59,32.03,32.47,32.9,33.33,33.76,34.18 Up_Warning
source 34.59,35.0,35.4,35.8,36.2,36.58,36.96,37.33 Up_Warning
source 37.7,38.05,38.4,38.74,39.07,39.39,39.71,40.01 Up_Warning
source 40.31,40.59,40.86,41.13,41.38,41.62,41.86,42.08 Up_Warning
source 42.29,42.48,42.67,42.85,43.01,43.16,43.3,43.43 Up_Warning
source 43.54,43.64,43.73,43.81,43.87,43.92,43.96,43.99 Up_Warning
source 44.0,44.0,43.99,43.96,43.92,43.87,43.81,43.73 Up_Warning
source 43.64,43.54,43.43,43.3,43.16,43.01,42.85,42.67 Up_Warning
source 42.48,42.29,42.08,41.86,41.62,41.38,41.13,40.86 Up_Warning
source 40.59,40.31,40.01,39.71,39.39,39.07,38.74,38.4 Up_Warning
source 38.05,37.7,37.33,36.96,36.58,36.2,35.8,35.4 Up_Warning
source 35.0,34.59,34.18,33.76,33.33,32.9,32.47,32.03 Up_Warning
source 31.59,31.15,30.7,30.26,29.81,29.36,28.91,28.45 Up_Warning
source 28.0,28.05,29.0,28.4,26.1,25.3,25.55,29.05 Normal
source 27.7,26.15,29.15,29.6,28.65,27.2,28.15,27.95 Normal
source 25.05,28.0,28.45,28.91,29.36,29.81,30.26,30.7 Normal
