source 27.95,25.05,28.0,28.45,28.91,29.36,29.81,30.26 Up_Warning
source 30.7,31.15,31.59,32.03,32.47,32.9,33.33,33.76 Up_Warning
source 34.18,34.59,35.0,35.4,35.8,36.2,36.58,36.96 Up_Warning
source 37.33,37.7,38.05,38.4,38.74,39.07,39.39,39.71 Up_Warning
source 40.01,40.31,40.59,40.86,41.13,41.38,41.62,41.86 Up_Warning
source 42.08,42.29,42.48,42.67,42.85,43.01,43.16,43.3 Up_Warning
source 43.43,43.54,43.64,43.73,43.81,43.87,43.92,43.96 Up_Warning
source 43.99,44.0,44.0,43.99,43.96,43.92,43.87,43.81 Up_Warning
source 43.73,43.64,43.54,43.43,43.3,43.16,43.01,42.85 Up_Warning
source 42.67,42.48,42.29,42.08,41.86,41.62,41.38,41.13 Up_Warning
source 40.86,40.59,40.31,40.01,39.71,39.39,39.07,38.74 Up_Warning
source 38.4,38.05,37.7,37.33,36.96,36.58,36.2,35.8 Up_Warning
source 35.4,35.0,34.59,34.18,33.76,33.33,32.9,32.47 Up_Warning
source 32.03,31.59,31.15,30.7,30.26,29.81,29.36,28.91 Up_Warning
source 28.45,28.0,28.05,29.0,28.4,26.1,25.3,25.55 Up_Warning
