source 22.38,22.14,22.02,25.0,25.59,26.16,26.68,27.13 Normal
source 25.0,25.59,26.16,26.68,27.13,27.51,27.78,27.95 Normal
source 26.68,27.13,27.51,27.78,27.95,28.0,27.93,27.75 Normal
source 27.78,27.95,28.0,27.93,27.75,27.47,27.08,26.62 Normal
source 27.93,27.75,27.47,27.08,26.62,26.09,25.52,27.6 Normal
source 27.08,26.62,26.09,25.52,27.6,24.34,23.78,23.26 Normal
source 25.52,27.6,24.34,23.78,23.26,22.81,22.45,22.19 Normal
source 23.78,23.26,22.81,22.45,22.19,22.04,22.0,22.08 Normal
source 22.45,22.19,22.04,22.0,22.08,22.28,22.58,22.97 Normal
source 22.0,22.08,22.28,22.58,22.97,23.45,23.98,24.56 Normal
source 22.58,22.97,23.45,23.98,24.56,22.1,25.73,26.29 Normal
source 23.98,24.56,22.1,25.73,26.29,26.8,27.24,27.59 Normal
source 25.73,26.29,26.8,27.24,27.59,27.83,27.97,27.99 Normal
source 27.24,27.59,27.83,27.97,27.99,27.9,27.69,27.38 Normal
source 27.97,27.99,27.9,27.69,27.38,26.97,26.49,25.95 Normal
source 27.69,27.38,26.97,26.49,25.95,25.37,24.78,24.19 Normal
source 26.49,25.95,25.37,24.78,24.19,23.64,23.14,22.72 Normal
source 24.78,24.19,23.64,23.14,22.72,22.38,22.14,22.02 Normal
source 23.14,22.72,22.38,22.14,22.02,22.01,22.12,22.34 Normal
source 22.14,22.02,22.01,22.12,22.34,22.67,23.08,23.58 Normal
source 22.12,22.34,22.67,23.08,23.58,24.12,24.7,25.3 Normal
source 23.08,23.58,24.12,24.7,25.3,25.88,26.42,26.92 Normal
source 24.7,25.3,25.88,26.42,26.92,27.33,27.66,27.88 Normal
source 26.42,26.92,27.33,27.66,27.88,27.99,27.98,27.86 Normal
source 27.66,27.88,27.99,27.98,27.86,27.62,27.28,26.86 Normal
source 27.98,27.86,27.62,27.28,26.86,26.36,26.12,25.53 Normal
source 27.28,26.86,26.36,26.12,25.53,25.9,26.22,26.24 Normal
source 26.12,25.53,25.9,26.22,26.24,25.79,26.16,26.01 Normal
source 26.22,26.24,25.79,26.16,26.01,25.97,25.99,26.48 Normal
source 26.16,26.01,25.97,25.99,26.48,26.17,25.57,26.36 Normal
source 25.99,26.48,26.17,25.57,26.36,25.83,25.79,26.07 Normal
source 25.57,26.36,25.83,25.79,26.07,26.14,25.44,26.02 Normal
source 25.79,26.07,26.14,25.44,26.02,26.55,27.03,27.42 Normal
source 25.44,26.02,26.55,27.03,27.42,27.72,27.92,28.0 Normal
source 27.03,27.42,27.72,27.92,28.0,27.96,27.81,27.55 Normal
source 27.92,28.0,27.96,27.81,27.55,27.19,26.74,26.22 Normal
source 27.81,27.55,27.19,26.74,26.22,25.66,25.07,24.48 Normal
source 26.74,26.22,25.66,25.07,24.48,23.91,23.38,22.92 Normal
source 25.07,24.48,23.91,23.38,22.92,22.53,22.25,22.07 Down_Warning
source 23.38,22.92,22.53,22.25,22.07,22.0,22.05,22.22 Down_Warning
source 22.25,22.07,22.0,22.05,22.22,22.49,22.87,23.32 Down_Warning
source 22.05,22.22,22.49,22.87,23.32,23.84,24.41,25.0 Down_Warning
