26.82
21.45
20.05
25.18
24.84
23.43
26.35
20.04
27.2
26.34
25.57
27.93
23.83
21.89
27.22
23.59
26.74
23.85
27.73
24.13
22.25
22.79
29.84
21.29
20.21
22.18
21.2
24.81
24.26
26.26
27.2
25.12
23.3
24.17
27.36
21.43
24.91
23.07
23.56
22.27
29.38
25.99
27.92
24.04
26.98
27.61
27.91
28.86
23.76
28.58
23.61
27.06
22.27
21.45
29.87
22.48
26.7
26.64
22.74
20.54
25.51
24.33
20.39
22.61
24.78
28.73
28.74
28.1
22.87
23.24
22.68
20.66
20.98
27.99
21.8
29.28
26.66
28.99
25.64
29.36
21.98
29.03
29.72
21.22
29.37
22.07
20.6
23.26
25.72
28.18
26.52
28.49
29.17
20.74
22.27
29.57
27.55
23.34
29.08
22.06
25.69
27.23
29.18
22.61
20.55
27.97
21.55
20.58
27.8
20.19
22.53
23.33
22.62
25.41
24.86
25.93
24.13
20.91
25.47
25.41
21.4
25.01
29.21
21.01
23.78
21.09
27.01
20.04
26.55
27.0
26.4
29.35
27.7
28.9
26.35
25.4
27.8
26.0
27.35
28.45
25.7
27.05
25.4
26.5
25.0
25.55
29.85
25.7
25.65
25.4
25.65
29.9
27.6
26.25
25.6
27.7
26.5
29.55
25.2
28.85
26.8
25.9
29.45
25.65
29.65
29.25
29.85
25.35
29.15
27.3
25.5
25.9
27.1
28.05
29.25
28.75
28.25
25.55
28.3
27.55
28.15
26.3
26.0
27.8
29.7
26.45
28.35
26.1
25.0
30.0
35.0
40.0
40.0
35.0
30.0
25.0
28.2
27.45
29.55
29.25
27.0
29.5
29.05
29.35
27.65
26.8
26.55
27.3
27.05
26.25
29.3
28.25
27.45
29.9
27.3
28.5
28.2
29.55
29.6
29.55
27.65
28.3
27.95
25.85
25.1
29.2
25.25
27.45
28.25
26.85
26.55
25.65
28.5
27.75
28.7
28.05
29.1
27.55
26.55
27.0
25.7
26.15
28.15
28.8
25.75
28.75
25.75
28.2
26.4
25.5
26.55
29.3
29.4
29.6
29.4
26.45
