26.82
21.45
20.05
25.18
24.84
23.43
26.35
20.04
27.2
26.34
25.57
27.93
23.83
21.89
27.22
23.59
26.74
23.85
27.73
24.13
22.25
22.79
29.84
21.29
20.21
22.18
21.2
24.81
24.26
26.26
27.2
25.12
23.3
24.17
27.36
21.43
24.91
23.07
23.56
22.27
29.38
25.99
27.92
24.04
26.98
27.61
27.91
28.86
23.76
28.58
23.61
27.06
22.27
21.45
29.87
22.48
26.7
26.64
22.74
20.54
25.51
24.33
20.39
22.61
24.78
28.73
28.74
28.1
22.87
23.24
22.68
20.66
20.98
27.99
21.8
29.28
26.66
28.99
25.64
29.36
21.98
29.03
29.72
21.22
29.37
22.07
20.6
23.26
25.72
28.18
26.52
28.49
29.17
20.74
22.27
29.57
27.55
23.34
29.08
22.06
25.69
27.23
29.18
22.61
20.55
27.97
21.55
20.58
27.8
20.19
22.53
23.33
22.62
25.41
24.86
25.93
24.13
20.91
25.47
25.41
21.4
25.01
29.21
21.01
23.78
21.09
27.01
20.04
26.85
26.85
26.95
26.6
26.5
26.45
26.25
26.8
26.75
25.05
26.15
28.55
26.85
27.25
28.4
25.85
28.0
28.26
28.53
28.79
29.06
29.32
29.58
29.85
30.11
30.37
30.63
30.89
31.15
31.41
31.67
31.93
32.18
32.44
32.69
32.94
33.2
33.44
33.69
33.94
34.18
34.43
34.67
34.91
35.15
35.38
35.62
35.85
36.08
36.3
36.53
36.75
36.97
37.19
37.4
37.62
37.83
38.03
38.24
38.44
38.64
38.84
39.03
39.22
39.41
39.59
39.77
39.95
40.12
40.29
40.46
40.63
40.79
40.94
41.1
41.25
41.39
41.54
41.68
41.81
41.94
42.07
42.2
42.32
42.43
42.54
42.65
42.76
42.86
42.95
43.05
43.13
43.22
43.3
43.37
43.44
43.51
43.57
43.63
43.69
43.74
43.78
43.82
43.86
43.89
43.92
43.95
43.97
43.98
43.99
44.0
44.0
44.3
41.25
42.05
43.0
44.85
41.25
40.8
43.55
41.6
40.75
42.1
40.65
40.5
40.55
43.1
43.25
