26.82
21.45
20.05
25.18
24.84
23.43
26.35
20.04
27.2
26.34
25.57
27.93
23.83
21.89
27.22
23.59
26.74
23.85
27.73
24.13
22.25
22.79
29.84
21.29
20.21
22.18
21.2
24.81
24.26
26.26
27.2
25.12
23.3
24.17
27.36
21.43
24.91
23.07
23.56
22.27
29.38
25.99
27.92
24.04
26.98
27.61
27.91
28.86
23.76
28.58
23.61
27.06
22.27
21.45
29.87
22.48
26.7
26.64
22.74
20.54
25.51
24.33
20.39
22.61
24.78
28.73
28.74
28.1
22.87
23.24
22.68
20.66
20.98
27.99
21.8
29.28
26.66
28.99
25.64
29.36
21.98
29.03
29.72
21.22
29.37
22.07
20.6
23.26
25.72
28.18
26.52
28.49
29.17
20.74
22.27
29.57
27.55
23.34
29.08
22.06
25.69
27.23
29.18
22.61
20.55
27.97
21.55
20.58
27.8
20.19
22.53
23.33
22.62
25.41
24.86
25.93
24.13
20.91
25.47
25.41
21.4
25.01
29.21
21.01
23.78
21.09
27.01
20.04
26.15
29.15
29.6
28.65
27.2
28.15
27.95
25.05
28.0
28.45
28.91
29.36
29.81
30.26
30.7
31.15
31.59
32.03
32.47
32.9
33.33
33.76
34.18
34.59
35.0
35.4
35.8
36.2
36.58
36.96
37.33
37.7
38.05
38.4
38.74
39.07
39.39
39.71
40.01
40.31
40.59
40.86
41.13
41.38
41.62
41.86
42.08
42.29
42.48
42.67
42.85
43.01
43.16
43.3
43.43
43.54
43.64
43.73
43.81
43.87
43.92
43.96
43.99
44.0
44.0
43.99
43.96
43.92
43.87
43.81
43.73
43.64
43.54
43.43
43.3
43.16
43.01
42.85
42.67
42.48
42.29
42.08
41.86
41.62
41.38
41.13
40.86
40.59
40.31
40.01
39.71
39.39
39.07
38.74
38.4
38.05
37.7
37.33
36.96
36.58
36.2
35.8
35.4
35.0
34.59
34.18
33.76
33.33
32.9
32.47
32.03
31.59
31.15
30.7
30.26
29.81
29.36
28.91
28.45
28.0
28.05
29.0
28.4
26.1
25.3
25.55
29.05
27.7
