26.82
21.45
20.05
25.18
24.84
23.43
26.35
20.04
27.2
26.34
25.57
27.93
23.83
21.89
27.22
23.59
26.74
23.85
27.73
24.13
22.25
22.79
29.84
21.29
20.21
22.18
21.2
24.81
24.26
26.26
27.2
25.12
23.3
24.17
27.36
21.43
24.91
23.07
23.56
22.27
29.38
25.99
27.92
24.04
26.98
27.61
27.91
28.86
23.76
28.58
23.61
27.06
22.27
21.45
29.87
22.48
26.7
26.64
22.74
20.54
25.51
24.33
20.39
22.61
24.78
28.73
28.74
28.1
22.87
23.24
22.68
20.66
20.98
27.99
21.8
29.28
26.66
28.99
25.64
29.36
21.98
29.03
29.72
21.22
29.37
22.07
20.6
23.26
25.72
28.18
26.52
28.49
29.17
20.74
22.27
29.57
27.55
23.34
29.08
22.06
25.69
27.23
29.18
22.61
20.55
27.97
21.55
20.58
27.8
20.19
22.53
23.33
22.62
25.41
24.86
25.93
24.13
20.91
25.47
25.41
21.4
25.01
29.21
21.01
23.78
21.09
27.01
20.04
27.45
26.15
25.5
27.05
28.15
28.8
26.7
29.25
27.3
29.9
26.15
27.8
26.9
29.0
26.95
27.4
29.1
26.8
29.45
26.75
28.95
27.45
26.95
25.0
29.55
29.45
26.25
25.25
27.3
25.35
28.0
26.4
25.05
28.45
29.05
28.05
27.1
27.65
29.0
29.85
27.05
29.5
26.05
27.3
28.05
25.95
25.25
25.95
27.05
26.3
29.75
25.6
26.1
27.9
26.95
27.65
28.9
26.05
27.0
27.15
25.0
27.14
29.29
31.43
33.57
35.71
37.86
40.0
42.55
44.75
43.75
43.05
41.5
43.65
42.3
44.55
43.85
44.2
44.25
41.0
42.9
42.95
40.3
44.55
40.05
44.8
44.5
40.1
41.2
44.55
40.15
41.05
44.15
40.55
41.75
44.8
43.9
42.05
41.85
42.25
40.8
41.35
43.25
43.05
42.0
42.85
42.55
42.55
42.6
43.4
42.7
41.1
40.2
44.75
40.1
44.5
43.0
42.5
44.3
41.65
41.15
43.75
44.05
43.85
42.6
40.1
40.45
40.65
