source 25.4,26.5,25.0,25.55,29.85,25.7,25.65,25.4 Normal
source 25.65,29.9,27.6,26.25,25.6,27.7,26.5,29.55 Normal
source 25.2,28.85,26.8,25.9,29.45,25.65,29.65,29.25 Normal
source 29.85,25.35,29.15,27.3,25.5,25.9,27.1,28.05 Normal
source 29.25,28.75,28.25,25.55,28.3,27.55,28.15,26.3 Normal
source 26.0,27.8,29.7,26.45,28.35,26.1,25.0,30.0 Normal
source 35.0,40.0,40.0,35.0,30.0,25.0,28.2,27.45 Normal
source 29.55,29.25,27.0,29.5,29.05,29.35,27.65,26.8 Normal
source 26.55,27.3,27.05,26.25,29.3,28.25,27.45,29.9 Normal
source 27.3,28.5,28.2,29.55,29.6,29.55,27.65,28.3 Normal
source 27.95,25.85,25.1,29.2,25.25,27.45,28.25,26.85 Normal
source 26.55,25.65,28.5,27.75,28.7,28.05,29.1,27.55 Normal
source 26.55,27.0,25.7,26.15,28.15,28.8,25.75,28.75 Normal
source 25.75,28.2,26.4,25.5,26.55,29.3,29.4,29.6 Normal
