source 26.25,26.8,26.75,25.05,26.15,28.55,26.85,27.25 Down_Warning
source 28.4,25.85,28.0,28.26,28.53,28.79,29.06,29.32 Down_Warning
source 29.58,29.85,30.11,30.37,30.63,30.89,31.15,31.41 Down_Warning
source 31.67,31.93,32.18,32.44,32.69,32.94,33.2,33.44 Down_Warning
source 33.69,33.94,34.18,34.43,34.67,34.91,35.15,35.38 Down_Warning
source 35.62,35.85,36.08,36.3,36.53,36.75,36.97,37.19 Down_Warning
source 37.4,37.62,37.83,38.03,38.24,38.44,38.64,38.84 Down_Warning
source 39.03,39.22,39.41,39.59,39.77,39.95,40.12,40.29 Down_Warning
source 40.46,40.63,40.79,40.94,41.1,41.25,41.39,41.54 Down_Warning
source 41.68,41.81,41.94,42.07,42.2,42.32,42.43,42.54 Down_Warning
source 42.65,42.76,42.86,42.95,43.05,43.13,43.22,43.3 Down_Warning
source 43.37,43.44,43.51,43.57,43.63,43.69,43.74,43.78 Down_Warning
source 43.82,43.86,43.89,43.92,43.95,43.97,43.98,43.99 Down_Warning
source 44.0,44.0,44.3,41.25,42.05,43.0,44.85,41.25 Normal
source 40.8,43.55,41.6,40.75,42.1,40.65,40.5,40.55 Normal
