1,999.7,1003.1,30.0,23.8,69,2.4,240,5.9,240,0.0,0.0,0.00
2,999.3,1002.7,29.8,23.3,68,2.2,240,6.0,260,0.0,0.0,0.00,25.0
3,999.1,1002.5,29.6,22.9,67,1.9,240,7.2,240,0.0,0.0,0.00
4,999.0,1002.4,29.6,22.5,66,2.1,260,6.9,260,0.0,0.0,0.00
5,999.3,1002.7,29.5,22.2,65,2.0,260,6.6,270,0.0,0.0,0.00,40.0
6,999.2,1002.6,29.6,22.2,65,1.8,280,5.3,250,0.0,0.0,0.0,0.00
7,999.7,1003.1,29.2,23.6,72,1.3,160,2.9,220,0.0,0.0,0.4,0.56
8,999.9,1003.3,32.2,24.4,64,1.7,240,4.7,260,0.0,0.0,0.4,1.56,60.0
9,999.6,1003.0,32.8,24.4,61,2.7,260,6.9,210,0.0,0.0,0.9,2.29,50.0
10,999.4,1002.8,34.7,25.1,58,3.1,260,8.2,280,0.0,0.0,0.9,2.97
11,999.3,1002.7,35.1,24.9,56,3.1,270,10.7,280,0.0,0.0,0.8,2.88,30.0
12,998.9,1002.3,35.1,26.5,61,3.8,280,10.0,290,0.0,0.0,0.5,2.43
13,998.5,1001.9,34.4,25.9,61,4.1,270,10.3,250,0.0,0.0,0.4,2.12
14,997.8,1001.2,35.0,26.1,60,5.3,280,13.2,280,0.0,0.0,0.7,3.04,25.0
15,997.5,1000.9,35.2,26.3,60,5.3,250,11.6,260,0.0,0.0,0.6,2.35
16,997.2,1000.6,34.8,26.4,62,3.8,280,10.4,270,0.0,0.0,0.5,1.92
17,997.5,1000.9,33.6,25.6,63,4.8,270,10.2,270,0.0,0.0,0.7,1.08,15.0
18,997.9,1001.3,33.1,25.3,64,3.2,240,10.0,270,0.0,0.0,0.4,0.37
19,998.2,1001.6,32.6,25.0,64,2.7,260,8.6,280,0.0,0.0,0.0,0.00
20,998.7,1002.1,32.2,24.8,65,1.1,250,7.1,230,0.0,0.0,0.00,18.0
21,999.6,1003.0,32.1,24.7,65,1.5,290,5.2,270,0.0,0.0,0.00,18.0
22,999.9,1003.3,31.6,24.6,67,1.5,220,5.7,280,0.0,0.0,0.00
23,999.7,1003.1,30.8,25.3,73,1.1,190,2.7,220,0.0,0.0,0.00,25.0
24,999.6,1003.0,30.5,25.1,73,1.2,180,3.6,150,0.0,0.0,0.00
1,999.3,1002.7,30.4,24.3,70,1.6,240,4.5,260,0.0,0.0,0.00
2,998.8,1002.2,30.3,23.9,69,1.0,260,4.1,270,0.0,0.0,0.00,25.0
3,998.8,1002.2,29.9,23.9,70,2.1,270,5.1,280,0.0,0.0,0.00
4,998.8,1002.2,28.9,24.2,76,1.6,150,3.8,280,0.0,0.0,0.00
5,999.3,1002.7,28.7,24.2,77,0.9,110,2.5,150,0.0,0.0,0.00,30.0
6,999.4,1002.8,28.5,23.9,76,1.8,140,3.8,130,0.0,0.0,0.0,0.00
7,1000.0,1003.4,28.4,23.6,75,1.3,170,3.1,150,0.0,0.0,0.0,0.03
8,999.5,1002.9,30.6,25.0,72,1.9,150,4.3,170,0.0,0.0,0.4,1.57,30.0
9,999.5,1002.9,33.3,25.5,64,1.3,280,6.5,280,0.0,0.0,0.9,2.33,25.0
10,999.4,1002.8,34.6,25.7,60,1.4,220,5.8,170,0.0,0.0,0.9,3.00
11,999.5,1002.9,35.4,25.5,57,1.9,280,5.7,290,0.0,0.0,0.7,2.91,25.0
12,998.7,1002.1,35.4,25.5,57,1.5,280,6.7,280,0.0,0.0,0.5,2.69
13,998.0,1001.3,36.6,25.2,52,1.6,270,6.5,290,0.0,0.0,0.6,2.84
14,998.2,1001.5,36.2,27.4,61,2.7,290,7.6,270,0.0,0.0,0.3,1.58,20.0
15,998.1,1001.4,36.7,27.3,59,2.2,290,7.7,310,0.0,0.0,0.8,2.79
16,998.1,1001.5,35.2,26.4,61,3.4,270,7.4,260,0.0,0.0,0.3,1.94
17,998.9,1002.3,32.4,26.0,69,2.9,140,6.3,280,0.0,0.0,0.3,0.66,20.0
18,999.5,1002.9,32.3,25.6,68,1.5,140,4.5,80,0.0,0.0,0.0,0.00
19,1000.3,1003.7,32.2,24.5,64,1.7,160,4.4,170,0.0,0.0,0.0,0.00
20,1000.8,1004.2,32.4,23.4,59,0.9,280,4.4,230,0.0,0.0,0.00,15.0
21,1000.9,1004.3,31.2,25.0,70,1.2,200,4.0,280,0.0,0.0,0.00,20.0
22,1001.4,1004.8,30.6,25.5,74,0.8,200,3.9,130,0.0,0.0,0.00
23,1001.4,1004.8,30.3,25.3,75,1.5,160,2.6,120,0.0,0.0,0.00,20.0
24,1001.0,1004.4,29.8,25.0,76,0.9,120,3.4,140,0.0,0.0,0.00
1,1000.8,1004.2,29.5,25.0,77,0.6,150,2.2,110,0.0,0.0,0.00
2,1000.4,1003.8,29.3,24.7,76,1.3,170,3.4,170,0.0,0.0,0.00,20.0
3,1000.1,1003.5,29.1,24.8,78,0.9,160,2.6,170,0.0,0.0,0.00
4,1000.2,1003.6,28.9,24.7,78,0.6,200,1.9,150,0.0,0.0,0.00
5,1000.5,1003.9,28.6,24.4,78,1.5,150,3.3,150,0.0,0.0,0.00,16.0
6,1000.6,1004.0,28.8,24.6,78,0.6,210,3.2,90,0.0,0.0,0.0,0.04
7,1000.6,1004.0,29.9,25.2,76,0.4,170,1.8,220,0.0,0.0,0.0,0.71
8,1001.0,1004.4,31.8,26.3,73,0.7,170,2.2,140,0.0,0.0,0.4,1.20,20.0
9,1000.8,1004.2,32.3,26.2,70,0.6,110,2.5,80,0.0,0.0,0.3,1.68,16.0
10,1000.5,1003.9,33.2,26.0,66,0.5,260,3.4,270,0.0,0.0,0.0,1.31
11,1000.6,1004.0,33.1,25.6,65,1.1,290,5.1,270,0.0,0.0,0.0,1.42,10.0
12,1000.7,1004.1,33.0,24.6,61,1.5,290,6.5,270,0.0,0.0,0.0,1.20
13,1000.1,1003.5,33.0,25.1,63,0.5,250,6.1,290,0.0,0.0,0.0,1.20
14,999.4,1002.8,32.2,26.3,71,0.6,10,5.5,360,0.0,0.0,0.0,0.90,13.0
15,999.4,1002.8,32.6,26.0,68,2.0,270,6.8,280,0.0,0.0,0.0,0.62
16,999.0,1002.4,32.4,25.8,68,1.5,250,5.9,270,0.0,0.0,0.0,0.62
17,999.6,1003.0,32.4,25.4,67,1.7,250,4.4,250,0.0,0.0,0.0,0.34,15.0
18,999.6,1003.0,32.5,25.3,66,0.9,300,5.2,240,0.0,0.0,0.0,0.12
19,1000.3,1003.7,31.2,24.6,68,2.3,160,4.9,170,0.0,0.0,0.0,0.00
20,1001.2,1004.6,30.4,24.7,72,2.5,150,5.2,170,0.0,0.0,0.00,18.0
21,1001.3,1004.7,29.9,24.4,72,0.9,140,4.2,80,0.0,0.0,0.00,18.0
22,1002.2,1005.6,29.8,24.4,73,1.6,170,3.0,160,0.0,0.0,0.00
23,1001.6,1005.0,29.2,24.5,76,1.2,110,3.3,150,0.0,0.0,0.00,18.0
24,1001.2,1004.6,29.1,24.7,77,1.1,170,3.3,100,0.0,0.0,0.00
1,1000.6,1004.0,28.9,24.4,77,1.1,170,2.4,150,0.0,0.0,0.00
2,1000.0,1003.4,28.7,24.4,78,0.5,170,2.7,170,0.0,0.0,0.00,15.0
3,999.9,1003.3,28.2,23.9,78,1.2,160,3.9,150,0.0,0.0,0.00
4,999.7,1003.1,28.1,23.5,76,0.9,210,2.4,180,0.0,0.0,0.00
5,999.8,1003.2,28.0,23.3,76,1.9,160,3.8,170,0.0,0.0,0.00,10.0
6,1000.4,1003.8,27.8,23.4,77,1.3,160,3.5,140,0.0,0.0,0.0,0.00
7,1000.6,1004.0,28.7,24.6,79,0.5,210,3.2,130,0.0,0.0,0.1,0.55
8,1000.7,1004.1,30.1,25.5,76,1.1,190,2.3,160,0.0,0.0,0.4,1.41,13.0
9,1001.0,1004.4,31.9,26.6,74,0.5,V,2.0,190,0.0,0.0,0.8,1.85,13.0
10,1000.7,1004.1,32.1,26.4,72,0.5,310,3.4,290,0.0,0.0,0.2,1.48
11,1000.6,1004.0,32.7,26.8,71,0.7,320,4.1,270,0.0,0.0,0.3,1.70,13.0
12,1000.6,1004.0,33.3,26.6,68,1.4,320,5.8,320,0.0,0.0,0.2,1.56
13,1000.3,1003.7,34.0,27.5,69,3.3,320,8.9,330,0.0,0.0,0.9,3.21
14,1000.1,1003.5,33.5,26.8,68,3.0,310,9.5,330,0.0,0.0,0.9,2.93,13.0
15,999.9,1003.3,32.5,27.0,73,4.0,320,8.9,340,0.0,0.0,0.8,2.53
16,999.7,1003.1,32.5,26.8,72,2.6,310,9.5,320,0.0,0.0,0.5,1.92
17,999.9,1003.3,31.8,26.0,71,1.5,320,8.9,280,0.0,0.0,0.5,1.31,13.0
18,1000.6,1004.0,29.1,25.4,81,2.5,140,6.8,110,0.0,0.0,0.0,0.32
19,1000.9,1004.4,27.8,23.9,79,2.0,160,5.4,170,0.3,0.3,0.0,0.00
20,1001.7,1005.2,27.6,24.3,82,0.8,110,4.4,110,1.0,1.0,0.00,7.0
21,1002.1,1005.6,27.8,24.4,82,0.8,80,4.2,90,T,0.3,0.00,10.0
22,1002.3,1005.8,27.8,24.3,81,1.3,70,3.9,70,0.0,0.0,0.00
23,1001.9,1005.4,27.7,24.3,82,2.2,90,5.6,90,0.0,0.0,0.00,11.0
24,1001.1,1004.6,27.7,24.5,83,3.0,90,7.2,80,0.0,0.0,0.00
1,1000.4,1003.8,27.9,24.4,81,4.4,80,7.4,80,0.0,0.0,0.00
2,1000.0,1003.4,28.1,24.6,81,2.8,80,6.9,70,0.0,0.0,0.00,13.0
3,999.9,1003.3,28.0,24.7,82,3.1,80,7.8,70,0.0,0.0,0.00
4,999.7,1003.1,27.9,24.9,84,3.9,80,7.0,80,0.0,0.0,0.00
5,999.8,1003.2,28.0,24.8,83,3.4,80,8.0,70,0.0,0.0,0.00,20.0
6,999.8,1003.2,28.5,24.5,79,3.6,80,8.4,60,0.0,0.0,0.0,0.00
7,999.9,1003.3,29.2,25.0,78,4.0,80,8.6,80,0.0,0.0,0.5,0.62
8,999.5,1002.9,30.8,25.9,75,4.0,80,8.9,90,0.0,0.0,0.5,1.26,25.0
9,999.0,1002.4,32.7,26.3,69,2.8,90,8.5,50,0.0,0.0,1.0,2.36,25.0
10,998.8,1002.2,33.7,25.7,63,4.6,110,13.0,100,0.0,0.0,0.9,2.99
11,998.2,1001.6,34.4,25.5,60,3.7,110,9.9,110,0.0,0.0,0.9,3.42,30.0
12,998.4,1001.8,34.5,25.2,59,6.0,90,11.4,80,0.0,0.0,0.9,3.90
13,997.7,1001.1,34.2,25.3,60,5.1,90,12.3,80,0.0,0.0,0.9,3.11
14,997.1,1000.5,34.4,25.4,60,5.7,100,14.4,100,0.0,0.0,0.9,3.60,30.0
15,996.4,999.8,34.6,25.4,59,5.1,110,14.6,80,0.0,0.0,1.0,3.09
16,996.5,999.9,33.3,25.1,62,5.7,110,13.7,110,0.0,0.0,0.4,1.39
17,996.7,1000.1,33.0,24.7,62,4.9,110,12.1,80,0.0,0.0,0.9,1.46,30.0
18,996.7,1000.1,32.1,24.2,63,3.3,110,11.5,100,0.0,0.0,0.6,0.61
19,997.5,1000.9,31.4,24.5,67,3.0,100,10.0,90,0.0,0.0,0.0,0.00
20,997.7,1001.1,31.0,24.5,68,2.7,80,6.9,70,0.0,0.0,0.00,20.0
21,998.0,1001.4,30.8,24.3,68,4.0,90,7.0,110,0.0,0.0,0.00,20.0
22,998.3,1001.7,30.6,24.2,69,3.9,90,8.1,80,0.0,0.0,0.00
23,998.1,1001.5,30.6,24.1,68,3.8,100,10.0,90,0.0,0.0,0.00,20.0
24,997.8,1001.2,30.5,23.9,68,2.5,120,6.8,100,0.0,0.0,0.00
1,997.2,1000.6,30.2,23.9,69,2.1,100,8.5,100,0.0,0.0,0.00
2,996.7,1000.1,30.4,23.8,68,2.3,120,5.8,110,0.0,0.0,0.00,16.0
3,996.4,999.8,30.4,23.7,67,2.9,90,8.3,90,0.0,0.0,0.00
4,995.8,999.2,30.4,23.6,67,4.2,110,12.4,80,0.0,0.0,0.00
5,996.4,999.8,30.5,23.9,68,3.3,110,10.0,110,0.0,0.0,0.00,24.0
6,996.1,999.5,30.7,23.8,67,3.6,100,9.8,80,0.0,0.0,0.0,0.00
7,996.2,999.6,31.0,24.7,69,5.3,100,13.3,100,0.0,0.0,0.3,0.55
8,996.3,999.7,31.2,24.5,68,3.5,110,12.3,100,0.0,0.0,0.3,1.36,30.0
9,995.9,999.3,31.6,24.6,67,3.6,110,9.2,90,0.0,0.0,0.4,1.41,30.0
10,995.8,999.2,33.3,25.8,65,4.6,110,10.0,80,0.0,0.0,0.8,2.96
11,995.2,998.6,34.2,25.6,61,5.3,100,13.4,110,0.0,0.0,0.9,3.59,25.0
12,995.0,998.4,34.3,25.4,60,5.5,100,11.4,120,0.0,0.0,0.9,3.60
13,994.5,997.8,35.2,25.4,57,4.2,100,11.1,90,0.0,0.0,1.0,3.60
14,993.7,997.0,35.3,25.6,57,2.9,100,9.5,90,0.0,0.0,0.9,3.37,25.0
15,993.7,997.0,36.0,26.0,57,1.8,90,8.9,110,0.0,0.0,0.9,2.89
16,993.6,997.0,33.4,24.2,59,3.5,90,7.3,120,0.0,0.0,0.4,1.46
17,994.5,997.9,30.9,26.2,76,2.8,190,6.3,100,0.0,0.0,0.0,0.04,20.0
18,994.7,998.1,31.3,25.6,72,1.2,190,5.4,170,0.0,0.0,0.0,0.00
19,995.5,998.9,31.0,25.5,73,1.1,240,4.3,230,0.0,0.0,0.0,0.00
20,995.9,999.3,31.2,24.6,68,0.5,140,3.4,270,0.0,0.0,0.00,20.0
21,996.2,999.6,31.1,24.2,67,1.7,140,3.5,100,0.0,0.0,0.00,20.0
22,996.3,999.7,30.5,23.9,68,1.5,110,3.7,140,0.0,0.0,0.00
23,995.9,999.3,30.2,24.2,70,0.8,110,2.8,130,0.0,0.0,0.00,20.0
24,996.0,999.4,30.1,23.9,69,1.9,100,4.5,80,0.0,0.0,0.00
1,995.7,999.1,29.7,23.4,69,1.1,110,5.3,70,0.0,0.0,0.00
2,995.1,998.5,29.3,23.7,72,0.9,140,3.1,140,0.0,0.0,0.00,20.0
3,995.1,998.5,28.9,23.8,74,0.9,210,3.1,100,0.0,0.0,0.00
4,994.9,998.3,28.8,23.8,74,0.8,180,2.0,140,0.0,0.0,0.00
5,995.2,998.6,28.4,23.4,74,0.4,110,2.2,170,0.0,0.0,0.00,18.0
6,995.8,999.2,28.4,23.7,76,0.7,210,2.1,170,0.0,0.0,0.0,0.00
7,996.5,999.9,29.3,24.7,76,0.6,170,1.9,190,0.0,0.0,0.5,0.69
8,996.5,999.9,30.3,25.3,75,0.8,210,2.4,220,0.0,0.0,0.4,1.29,18.0
9,996.6,1000.0,32.2,26.3,71,1.1,90,3.4,80,0.0,0.0,0.8,2.10,20.0
10,996.1,999.5,34.2,26.1,63,0.4,150,3.7,90,0.0,0.0,0.9,3.06
11,995.6,998.9,35.4,26.1,59,0.5,260,3.7,90,0.0,0.0,0.4,2.24,20.0
12,995.1,998.5,34.8,25.6,59,3.3,130,7.7,70,0.0,0.0,0.4,2.28
13,994.8,998.1,35.0,26.0,60,4.1,110,8.6,100,0.0,0.0,0.9,3.65
14,994.5,997.8,35.1,26.0,59,3.3,120,8.9,80,0.0,0.0,0.9,3.41,20.0
15,994.2,997.6,33.6,25.4,62,3.8,100,9.5,90,0.0,0.0,0.5,2.11
16,994.2,997.6,33.1,25.1,63,5.0,100,11.4,90,0.0,0.0,0.4,1.58
17,994.4,997.8,32.4,24.5,63,4.5,110,11.2,90,0.0,0.0,0.9,1.36,20.0
18,994.8,998.2,31.6,24.1,65,4.0,110,13.1,100,0.0,0.0,0.5,0.44
19,995.4,998.8,31.2,24.3,67,4.3,90,12.7,90,0.0,0.0,0.0,0.00
20,996.1,999.5,31.2,24.1,66,4.2,90,8.9,70,0.0,0.0,0.00,15.0
21,996.8,1000.2,31.3,23.4,63,3.0,80,8.8,90,0.0,0.0,0.00,16.0
22,996.7,1000.1,31.1,22.9,62,2.8,110,8.1,70,0.0,0.0,0.00
23,996.3,999.7,31.8,22.0,56,3.8,100,9.3,70,0.0,0.0,0.00,16.0
24,995.6,999.0,31.4,22.0,58,4.1,100,11.6,90,0.0,0.0,0.00
1,995.1,998.5,31.1,22.5,60,3.7,90,11.9,90,0.0,0.0,0.00
2,994.3,997.7,30.9,22.8,62,5.5,100,14.1,80,0.0,0.0,0.00,16.0
3,994.2,997.6,30.7,22.6,62,3.2,90,16.9,80,0.0,0.0,0.00
4,994.6,998.0,30.9,22.2,60,3.5,110,11.8,70,0.0,0.0,0.00
5,994.8,998.2,30.4,22.4,62,3.9,90,11.4,90,0.0,0.0,0.00,20.0
6,995.3,998.7,30.6,22.4,62,3.2,110,9.6,80,0.0,0.0,0.0,0.16
7,995.8,999.2,31.6,22.9,60,4.0,100,9.5,70,0.0,0.0,0.7,0.85
8,995.8,999.2,32.8,24.1,60,4.1,100,10.4,100,0.0,0.0,0.6,1.59,25.0
9,995.7,999.1,33.7,24.0,57,5.2,110,13.0,110,0.0,0.0,1.0,2.49,40.0
10,995.5,998.9,33.7,23.6,56,6.8,110,14.4,110,0.0,0.0,1.0,3.06
11,995.5,998.9,33.7,23.8,56,5.8,110,17.1,130,0.0,0.0,0.8,3.27,70.0
12,995.4,998.8,32.9,23.8,59,6.9,100,15.7,110,0.0,0.0,0.2,2.19
13,995.4,998.8,33.2,23.9,58,5.7,100,14.7,80,0.0,0.0,0.0,1.84
14,995.2,998.6,33.6,24.2,58,6.2,100,15.6,100,0.0,0.0,0.8,3.21,60.0
15,995.3,998.7,32.6,24.1,61,5.7,90,14.1,70,0.0,0.0,0.1,1.60
16,994.8,998.2,32.5,23.8,60,6.7,110,16.3,70,0.0,0.0,0.4,1.55
17,995.2,998.6,32.4,23.9,61,6.2,100,17.2,100,0.0,0.0,0.5,1.10,30.0
18,995.9,999.3,31.8,23.5,62,5.9,100,16.8,100,0.0,0.0,0.2,0.25
19,996.7,1000.1,31.3,23.5,63,4.7,90,14.6,100,0.0,0.0,0.0,0.00
20,997.3,1000.7,31.3,23.7,64,5.0,90,12.5,120,0.0,0.0,0.00,25.0
21,997.8,1001.2,30.2,24.2,70,5.3,70,11.4,80,0.0,0.0,0.00,25.0
22,998.5,1001.9,30.3,24.1,70,4.8,70,10.6,80,0.0,0.0,0.00
23,997.8,1001.2,30.5,23.5,66,5.2,100,9.4,100,0.0,0.0,0.00,25.0
24,997.6,1001.0,30.3,23.5,67,3.9,90,10.1,80,0.0,0.0,0.00
1,997.3,1000.7,29.5,23.9,72,6.0,80,11.6,100,0.0,0.0,0.00
2,997.0,1000.4,29.4,23.2,69,5.1,90,11.4,90,0.0,0.0,0.00,25.0
3,997.1,1000.5,29.0,23.6,73,4.8,60,10.1,70,0.0,0.0,0.00
4,997.3,1000.7,29.0,23.9,74,3.5,70,10.1,90,0.0,0.0,0.00
5,997.3,1000.7,28.7,24.0,76,3.2,70,7.5,70,0.0,0.0,0.00,18.0
6,997.8,1001.2,29.0,24.2,75,3.1,70,6.4,60,0.0,0.0,0.0,0.00
7,998.3,1001.7,29.2,25.0,78,4.1,70,7.9,90,0.0,0.0,0.0,0.26
8,998.8,1002.3,26.7,24.1,86,2.7,70,9.7,70,10.1,0.8,0.0,0.11,7.0
9,998.4,1001.8,28.0,25.9,88,2.5,40,5.1,120,0.1,0.1,0.0,0.67,16.0
10,998.7,1002.2,27.1,24.8,87,1.9,90,5.8,30,7.0,0.9,0.0,0.69
11,998.1,1001.5,30.4,26.9,82,4.5,70,10.2,70,0.5,0.1,0.4,2.46,11.0
12,998.0,1001.4,32.3,27.2,75,3.0,60,12.7,60,0.0,0.0,0.6,3.00
13,997.4,1000.8,33.2,27.0,70,2.7,50,10.9,80,0.0,0.0,0.8,3.51
14,996.9,1000.3,31.9,26.7,74,3.4,80,10.9,30,0.0,0.0,0.7,3.03,11.0
15,996.4,999.8,32.0,26.6,73,4.4,80,11.1,20,0.0,0.0,0.7,2.69
16,996.1,999.5,30.1,25.4,76,3.7,20,12.7,20,T,0.2,0.2,1.05
17,995.9,999.3,29.2,25.2,79,2.7,50,8.9,30,1.0,1.0,0.1,0.63,15.0
18,996.3,999.7,29.9,25.3,76,2.7,40,7.2,60,T,0.2,0.2,0.27
19,996.8,1000.2,28.3,25.0,82,1.3,10,7.1,70,1.0,0.7,0.0,0.00
20,997.1,1000.5,28.9,24.7,78,1.9,40,4.2,20,T,0.1,0.00,10.0
21,997.2,1000.6,29.1,24.6,77,1.0,40,3.8,30,T,0.2,0.00,12.0
22,997.1,1000.5,27.9,24.5,82,2.1,20,7.0,40,0.5,0.6,0.00
23,995.8,999.2,27.7,24.7,84,0.9,270,4.3,70,1.5,1.0,0.00,6.0
24,994.8,998.2,27.5,24.7,85,1.1,30,5.9,30,0.5,1.0,0.00
1,994.1,997.5,26.7,24.5,88,1.0,10,6.8,20,8.8,1.0,0.00
2,993.2,996.6,26.8,24.8,89,0.5,90,3.6,50,0.7,1.0,0.00,8.0
3,992.7,996.1,26.9,24.9,89,0.9,10,5.0,10,0.7,1.0,0.00
4,992.4,995.8,26.7,24.7,89,0.7,330,5.5,360,0.8,1.0,0.00
5,992.3,995.7,26.5,24.4,88,1.9,340,9.8,330,6.8,1.0,0.00,2.5
6,992.5,995.9,26.5,24.6,89,2.1,340,8.7,310,10.7,1.0,0.0,0.00
7,992.4,995.8,26.5,24.3,88,2.4,320,11.4,320,12.0,1.0,0.0,0.00
8,992.4,995.8,26.5,24.2,87,3.0,330,11.0,340,2.5,1.0,0.0,0.01,2.5
9,992.6,996.0,26.7,24.3,87,3.8,310,13.8,310,1.0,1.0,0.0,0.54,3.0
10,992.2,995.6,26.6,24.2,87,4.3,310,14.2,310,2.0,1.0,0.0,0.55
11,991.7,995.1,26.3,23.9,87,5.7,310,14.7,330,1.5,1.0,0.0,0.68,3.0
12,991.2,994.6,26.2,23.5,85,4.5,310,14.7,310,0.8,1.0,0.0,0.39
13,990.4,993.8,26.0,23.6,87,5.4,310,15.2,300,5.0,1.0,0.0,0.49
14,990.2,993.6,26.1,23.5,86,5.6,310,19.0,350,5.5,1.0,0.0,0.42,3.0
15,989.9,993.3,26.3,23.4,84,6.2,310,17.3,330,0.9,1.0,0.0,0.23
16,989.9,993.3,26.3,23.2,83,6.8,310,15.9,280,3.5,1.0,0.0,0.15
17,989.7,993.1,26.1,23.4,85,5.7,290,14.3,280,7.0,1.0,0.0,0.02,2.5
18,989.4,992.8,25.9,23.2,85,4.6,290,13.2,300,8.5,1.0,0.0,0.00
19,989.8,993.2,26.1,23.1,84,4.5,250,11.0,270,4.0,1.0,0.0,0.00
20,990.1,993.5,25.7,23.0,85,4.2,250,12.7,240,3.5,1.0,0.00,7.0
21,989.7,993.1,25.5,23.4,88,4.2,240,11.1,240,3.0,1.0,0.00,7.0
22,989.8,993.2,25.9,23.2,85,3.4,250,10.1,250,1.5,1.0,0.00
23,988.7,992.1,26.9,23.0,79,3.6,240,14.1,260,0.3,1.0,0.00,7.0
24,987.7,991.1,28.4,23.3,74,5.2,250,12.0,210,T,0.3,0.00
1,987.3,990.7,29.1,23.1,70,6.1,250,15.7,280,0.0,0.0,0.00
2,987.0,990.4,29.3,22.9,68,6.6,250,15.9,260,0.0,0.0,0.00,20.0
3,987.5,990.9,29.1,22.8,69,6.1,250,17.6,220,0.0,0.0,0.00
4,987.9,991.3,29.3,22.6,67,5.5,250,15.5,240,0.0,0.0,0.00
5,988.2,991.6,29.2,22.9,69,6.3,240,14.8,250,0.0,0.0,0.00,20.0
6,988.9,992.3,29.0,23.1,71,4.3,260,14.2,290,0.0,0.0,0.0,0.00
7,989.7,993.1,29.5,23.2,69,3.8,280,10.9,270,0.0,0.0,0.0,0.00
8,990.3,993.7,29.9,23.5,69,5.4,270,11.3,280,0.0,0.0,0.0,0.12,25.0
9,990.2,993.6,30.9,24.1,67,5.0,270,16.0,290,0.0,0.0,0.0,1.26,23.0
10,990.4,993.8,31.8,24.7,66,5.7,280,16.1,260,0.0,0.0,0.3,1.81
11,990.5,993.9,32.7,24.7,63,4.2,280,13.3,250,0.0,0.0,0.0,1.80,25.0
12,990.4,993.8,32.8,24.8,63,3.6,280,11.7,250,0.0,0.0,0.0,1.60
13,990.2,993.6,32.5,25.1,65,3.8,280,13.5,240,0.0,0.0,0.0,1.20
14,989.7,993.1,32.2,25.4,67,5.3,280,12.1,290,0.0,0.0,0.0,1.20,25.0
15,989.9,993.3,32.2,25.1,66,5.1,270,11.2,270,0.0,0.0,0.0,0.74
16,990.0,993.4,32.5,24.9,64,3.7,250,10.8,280,0.0,0.0,0.0,0.60
17,990.8,994.2,32.7,24.8,63,3.2,280,10.0,220,0.0,0.0,0.0,0.60,25.0
18,991.6,995.0,31.8,24.7,66,3.0,260,9.6,290,0.0,0.0,0.0,0.24
19,992.1,995.5,31.9,24.2,64,2.9,240,8.9,210,0.0,0.0,0.0,0.00
20,992.9,996.3,31.6,24.3,65,2.3,270,6.8,290,0.0,0.0,0.00,20.0
21,993.4,996.8,31.4,23.6,63,2.0,270,7.1,260,0.0,0.0,0.00,20.0
22,993.9,997.3,30.9,23.2,64,2.4,240,4.7,230,0.0,0.0,0.00
23,994.2,997.6,30.5,23.4,66,2.9,230,5.5,240,0.0,0.0,0.00,20.0
24,994.4,997.8,30.1,23.5,68,2.9,220,7.0,230,0.0,0.0,0.00
1,994.0,997.4,30.1,23.4,67,2.4,260,5.8,210,0.0,0.0,0.00
2,994.1,997.5,29.5,23.2,69,1.4,270,5.9,290,0.0,0.0,0.00,20.0
3,994.0,997.4,28.1,23.3,75,1.6,150,4.1,200,0.0,0.0,0.00
4,994.6,998.0,27.3,23.0,77,0.8,130,3.8,150,0.0,0.0,0.00
5,995.1,998.5,27.0,22.6,77,0.3,140,3.1,130,0.0,0.0,0.00,25.0
6,995.6,999.0,27.0,22.7,77,1.4,130,3.1,140,0.0,0.0,0.0,0.00
7,996.4,999.8,28.1,23.7,77,0.9,160,4.3,130,0.0,0.0,0.7,0.66
8,996.6,1000.0,30.4,24.4,70,0.8,230,3.1,170,0.0,0.0,0.6,1.38,30.0
9,996.8,1000.2,32.2,24.5,64,1.5,240,6.3,210,0.0,0.0,1.0,2.12,25.0
10,996.9,1000.3,33.3,24.8,61,2.1,230,6.2,230,0.0,0.0,0.7,2.60
11,997.0,1000.4,33.3,24.5,60,2.7,270,6.1,210,0.0,0.0,0.2,2.10,25.0
12,996.5,999.9,33.6,25.1,61,3.4,270,5.8,250,0.0,0.0,0.3,2.27
13,996.4,999.8,34.8,26.3,62,1.8,290,7.8,260,0.0,0.0,0.3,2.55
14,996.0,999.4,34.3,26.6,64,1.9,300,7.5,300,0.0,0.0,0.2,1.63,18.0
15,996.1,999.5,34.9,26.3,61,1.2,320,6.6,290,0.0,0.0,0.6,2.30
16,996.2,999.6,34.2,25.7,61,1.4,280,6.4,300,0.0,0.0,0.2,1.45
17,996.9,1000.3,31.4,25.6,71,2.6,130,6.8,130,0.0,0.0,0.1,0.63,16.0
18,998.0,1001.4,28.6,25.3,82,1.0,40,6.0,80,4.9,0.1,0.0,0.11
19,998.3,1001.7,27.9,25.1,85,2.1,70,6.2,90,9.7,0.8,0.0,0.01
20,999.0,1002.4,28.0,25.6,87,0.6,90,3.1,80,0.0,0.0,0.00,16.0
21,999.7,1003.1,28.1,25.2,84,1.8,140,3.5,110,0.0,0.0,0.00,16.0
22,1000.1,1003.5,27.7,25.1,86,0.7,80,2.5,130,0.0,0.0,0.00
23,1000.0,1003.4,27.8,25.2,86,1.4,180,2.4,180,0.0,0.0,0.00,16.0
24,999.7,1003.1,27.5,25.0,86,0.1,0,2.4,170,0.0,0.0,0.00
1,998.9,1002.3,27.6,24.7,84,0.8,170,2.0,180,0.0,0.0,0.00
2,998.7,1002.1,27.3,24.6,85,0.7,130,1.6,180,0.0,0.0,0.00,10.0
3,998.7,1002.1,27.4,24.6,85,0.4,180,2.0,130,0.0,0.0,0.00
4,998.9,1002.3,27.5,24.6,84,0.2,0,2.4,220,0.0,0.0,0.00
5,999.1,1002.6,27.2,24.3,84,0.3,130,1.4,190,0.0,0.0,0.00,9.0
6,999.8,1003.2,28.2,24.5,80,0.8,280,3.3,260,0.0,0.0,0.0,0.00
7,1000.2,1003.6,29.1,25.0,79,0.5,V,3.8,290,0.0,0.0,0.3,0.51
8,1000.7,1004.1,30.5,25.6,75,1.7,290,5.0,290,0.0,0.0,0.6,1.19,10.0
9,1000.6,1004.0,31.3,26.1,74,0.6,290,6.1,280,0.0,0.0,0.6,1.70,10.0
10,1000.5,1003.9,33.4,26.6,68,1.4,300,5.4,320,0.0,0.0,0.7,2.36
11,1000.2,1003.6,32.9,26.9,71,0.8,340,6.0,350,0.0,0.0,0.5,2.13,10.0
12,999.6,1003.0,33.5,27.6,71,1.5,340,6.5,310,0.0,0.0,0.6,2.57
13,999.2,1002.6,32.5,26.8,72,4.3,360,8.7,10,0.0,0.0,0.8,3.08
14,999.0,1002.4,34.2,26.7,65,2.8,320,10.1,10,0.0,0.0,0.9,3.49,16.0
15,998.3,1001.7,34.6,25.3,59,1.5,320,7.1,340,0.0,0.0,0.9,2.90
16,998.3,1001.7,34.0,25.6,62,1.6,330,6.5,340,0.0,0.0,0.7,2.28
17,998.1,1001.5,32.3,24.6,64,1.8,340,6.3,310,0.0,0.0,0.5,1.06,16.0
18,998.4,1001.8,32.1,24.1,63,1.3,70,4.3,30,0.0,0.0,0.6,0.51
19,999.1,1002.5,30.9,23.3,64,2.5,70,6.4,70,0.0,0.0,0.0,0.00
20,999.5,1002.9,30.1,23.8,69,2.5,80,5.6,60,0.0,0.0,0.00,11.0
21,1000.3,1003.7,29.8,23.4,69,2.0,90,5.3,90,0.0,0.0,0.00,11.0
22,1000.4,1003.8,29.5,22.9,68,2.6,80,5.3,90,0.0,0.0,0.00
23,1000.4,1003.8,29.3,22.4,66,2.1,60,5.0,90,0.0,0.0,0.00,11.0
24,1000.1,1003.5,29.2,21.9,65,1.3,150,4.6,80,0.0,0.0,0.00
1,999.8,1003.2,27.8,22.2,72,1.7,160,3.9,170,0.0,0.0,0.00
2,999.7,1003.1,28.3,23.5,75,1.4,240,5.2,280,0.0,0.0,0.00,7.0
3,999.7,1003.1,28.3,23.6,76,1.3,220,4.3,250,0.0,0.0,0.00
4,999.6,1003.0,27.6,22.4,73,0.6,180,2.7,230,0.0,0.0,0.00
5,999.3,1002.8,27.1,22.0,74,0.6,150,2.9,290,0.0,0.0,0.00,8.0
6,999.9,1003.4,26.8,21.7,74,1.1,160,2.6,150,0.0,0.0,0.0,0.00
7,1000.3,1003.7,27.7,22.4,73,0.7,160,2.4,150,0.0,0.0,0.0,0.46
8,1000.7,1004.1,29.4,24.0,73,1.1,220,2.5,180,0.0,0.0,0.5,1.16,9.0
9,1000.7,1004.1,30.0,24.5,72,0.8,150,3.2,190,0.0,0.0,0.6,1.41,7.0
10,1000.4,1003.8,32.4,26.0,69,0.3,230,2.7,270,0.0,0.0,0.7,2.24
11,1000.5,1003.9,33.5,25.8,64,0.7,310,4.1,280,0.0,0.0,0.9,3.35,10.0
12,1000.0,1003.4,33.9,24.6,58,1.4,330,6.2,330,0.0,0.0,0.7,2.96
13,999.7,1003.1,34.4,24.4,56,1.3,320,6.8,360,0.0,0.0,0.8,3.10
14,999.0,1002.4,34.5,25.1,58,0.8,330,7.4,10,0.0,0.0,0.5,2.71,11.0
15,998.2,1001.6,34.3,24.6,57,0.7,290,5.8,310,0.0,0.0,1.0,2.90
16,998.2,1001.6,31.5,24.5,67,3.6,90,7.6,70,0.0,0.0,0.2,1.07
17,998.1,1001.5,30.8,22.7,62,4.0,80,9.8,70,0.0,0.0,0.7,0.94,14.0
18,998.2,1001.6,30.0,22.1,63,3.9,90,8.1,80,0.0,0.0,0.2,0.35
19,998.6,1002.0,29.3,22.2,66,3.5,70,8.0,80,0.0,0.0,0.0,0.00
20,999.0,1002.4,29.0,22.4,68,1.9,90,6.6,90,0.0,0.0,0.00,12.0
21,999.5,1002.9,29.1,22.1,66,1.6,90,5.8,90,0.0,0.0,0.00,12.0
22,1000.5,1003.9,29.3,21.7,64,1.4,120,2.8,90,0.0,0.0,0.00
23,1000.9,1004.3,28.8,21.5,65,1.0,150,3.2,150,0.0,0.0,0.00,12.0
24,1000.4,1003.8,28.4,21.2,65,1.6,130,3.4,110,0.0,0.0,0.00
1,999.9,1003.3,27.6,22.0,72,1.3,140,3.4,130,0.0,0.0,0.00
2,999.5,1003.0,27.0,21.7,73,1.2,140,3.5,120,0.0,0.0,0.00,11.0
3,999.3,1002.8,26.8,21.8,74,1.2,170,3.0,180,0.0,0.0,0.00
4,999.7,1003.2,26.6,21.6,74,1.1,180,3.0,190,0.0,0.0,0.00
5,999.9,1003.4,26.5,22.0,76,0.6,90,2.8,140,0.0,0.0,0.00,12.0
6,999.9,1003.4,26.5,22.0,76,0.9,170,2.6,150,0.0,0.0,0.0,0.00
7,999.8,1003.3,27.2,22.5,76,0.6,170,2.3,160,0.0,0.0,0.0,0.43
8,999.6,1003.0,28.4,24.0,77,0.3,160,2.2,150,0.0,0.0,0.6,1.05,10.0
9,999.7,1003.1,31.0,25.3,72,0.3,V,2.6,150,0.0,0.0,1.0,1.90,10.0
10,999.5,1002.9,32.5,25.7,68,0.9,210,3.2,220,0.0,0.0,0.8,2.70
11,999.4,1002.8,32.9,25.5,65,1.3,320,4.8,300,0.0,0.0,0.7,2.67,12.0
12,999.1,1002.5,33.3,25.7,65,1.2,340,6.0,340,0.0,0.0,0.8,3.12
13,998.6,1002.0,33.6,24.9,61,0.8,320,7.0,360,0.0,0.0,0.7,2.72
14,998.3,1001.7,33.8,24.8,59,1.1,350,5.7,320,0.0,0.0,0.4,2.34,13.0
15,997.9,1001.3,33.6,24.3,58,0.6,320,5.8,10,0.0,0.0,0.7,2.38
16,997.8,1001.2,32.3,24.9,65,1.6,60,5.5,320,0.0,0.0,0.1,1.16
17,997.9,1001.3,30.6,24.6,70,3.1,80,7.1,90,0.0,0.0,0.7,1.05,13.0
18,998.1,1001.5,30.2,24.1,70,2.9,80,7.0,110,0.0,0.0,0.3,0.48
19,998.3,1001.7,29.6,23.5,70,2.0,70,6.4,60,0.0,0.0,0.0,0.00
20,998.6,1002.0,29.3,23.7,72,2.0,90,4.7,70,0.0,0.0,0.00,12.0
21,998.9,1002.3,29.1,23.4,71,2.4,90,5.0,60,0.0,0.0,0.00,12.0
22,999.3,1002.7,29.0,23.1,71,2.3,80,5.1,80,0.0,0.0,0.00
23,999.0,1002.4,28.8,22.9,71,1.1,120,3.9,80,0.0,0.0,0.00,12.0
24,998.7,1002.1,28.4,22.5,70,2.0,160,3.6,150,0.0,0.0,0.00
1,998.3,1001.7,27.8,22.3,72,2.1,160,3.8,160,0.0,0.0,0.00
2,997.9,1001.3,27.4,22.2,73,1.4,190,3.6,170,0.0,0.0,0.00,12.0
3,998.1,1001.5,27.0,21.8,73,1.0,160,4.0,170,0.0,0.0,0.00
4,998.3,1001.8,26.8,21.8,74,0.6,140,2.0,150,0.0,0.0,0.00
5,998.2,1001.7,26.7,21.9,75,1.1,130,2.6,130,0.0,0.0,0.00,10.0
6,998.3,1001.8,26.5,22.0,76,1.1,160,2.3,170,0.0,0.0,0.0,0.00
7,998.4,1001.8,27.2,22.6,76,1.6,160,2.9,170,0.0,0.0,0.2,0.49
8,998.1,1001.5,28.6,23.8,75,0.7,170,2.5,100,0.0,0.0,0.7,1.08,8.0
9,998.0,1001.4,31.0,25.5,73,0.3,200,2.6,60,0.0,0.0,1.0,1.87,5.0
10,997.8,1001.2,32.1,25.8,69,0.3,110,2.7,170,0.0,0.0,0.9,2.26
11,997.5,1000.9,32.4,25.0,65,0.8,40,3.0,120,0.0,0.0,0.4,2.03,5.0
12,996.8,1000.2,33.6,24.9,61,0.9,60,3.7,80,0.0,0.0,0.5,2.16
13,996.2,999.6,34.3,25.3,60,1.1,340,3.9,20,0.0,0.0,0.5,2.06
14,995.9,999.3,33.1,24.8,62,1.8,360,4.8,350,0.0,0.0,0.1,1.04,8.0
15,995.7,999.1,33.6,25.1,61,2.4,70,6.8,30,0.0,0.0,0.4,1.38
16,995.4,998.8,32.9,23.1,56,2.5,80,7.3,10,0.0,0.0,0.5,1.65
17,995.4,998.8,32.4,23.4,59,2.6,80,6.5,100,0.0,0.0,0.6,0.87,14.0
18,995.5,998.9,31.6,24.0,64,2.4,80,6.1,60,0.0,0.0,0.3,0.46
19,996.0,999.4,30.8,23.5,65,2.3,100,7.6,70,0.0,0.0,0.0,0.00
20,996.7,1000.1,30.2,23.6,68,1.9,100,5.6,80,0.0,0.0,0.00,12.0
21,997.3,1000.7,30.0,23.6,69,2.2,100,6.2,80,0.0,0.0,0.00,12.0
22,997.8,1001.2,29.8,23.7,70,2.2,80,5.9,70,0.0,0.0,0.00
23,998.3,1001.7,29.8,23.4,69,2.1,110,5.6,100,0.0,0.0,0.00,12.0
24,998.0,1001.4,29.6,23.2,69,1.1,150,4.7,70,0.0,0.0,0.00
1,997.9,1001.3,29.3,23.4,71,1.4,200,3.7,250,0.0,0.0,0.00
2,997.5,1000.9,28.8,24.1,76,1.5,220,4.6,230,0.0,0.0,0.00,10.0
3,997.6,1001.0,28.2,23.0,73,1.8,150,3.0,160,0.0,0.0,0.00
4,998.1,1001.5,27.9,23.0,75,0.6,180,2.3,150,0.0,0.0,0.00
5,998.5,1001.9,27.4,22.8,76,1.1,160,3.2,160,0.0,0.0,0.00,10.0
6,999.1,1002.5,27.4,23.1,77,1.4,130,2.8,150,0.0,0.0,0.0,0.00
7,999.3,1002.7,27.9,23.7,78,0.8,120,2.9,180,0.0,0.0,0.0,0.42
8,999.3,1002.7,29.3,24.9,77,0.5,140,2.5,230,0.0,0.0,0.3,1.11,10.0
9,999.3,1002.7,30.3,25.0,73,0.3,180,2.6,180,0.0,0.0,0.2,1.35,6.0
10,999.1,1002.5,31.3,25.6,72,0.2,0,2.5,340,0.0,0.0,0.7,2.13
11,999.3,1002.7,32.2,26.0,70,0.4,330,3.1,340,0.0,0.0,0.1,1.24,8.0
12,998.7,1002.1,32.9,26.3,68,2.7,90,4.8,90,0.0,0.0,0.3,1.67
13,998.3,1001.7,33.4,26.6,68,2.8,80,7.8,90,0.0,0.0,0.5,2.29
14,998.0,1001.4,33.1,26.0,66,2.8,60,8.6,70,0.0,0.0,0.8,2.99,8.0
15,997.8,1001.2,33.2,25.6,65,2.7,60,10.1,50,0.0,0.0,0.9,2.44
16,997.4,1000.8,32.2,25.3,67,3.5,80,9.0,80,0.0,0.0,0.8,1.89
17,997.5,1000.9,31.7,24.8,67,3.6,80,8.2,80,0.0,0.0,0.8,1.10,10.0
18,998.2,1001.6,31.0,24.7,69,3.1,70,8.0,70,0.0,0.0,0.3,0.44
19,998.6,1002.0,30.6,23.8,67,3.5,90,8.2,80,0.0,0.0,0.0,0.00
20,999.2,1002.6,29.8,23.0,67,2.9,70,7.7,90,0.0,0.0,0.00,12.0
21,999.8,1003.2,29.7,22.8,67,2.0,100,5.7,100,0.0,0.0,0.00,12.0
22,1000.0,1003.4,29.4,22.6,67,2.3,90,4.8,110,0.0,0.0,0.00
23,999.9,1003.3,29.0,22.7,69,1.7,100,4.7,90,0.0,0.0,0.00,12.0
24,1000.0,1003.4,28.9,22.6,69,0.9,110,3.4,80,0.0,0.0,0.00
1,999.7,1003.1,28.5,22.7,71,1.4,130,2.4,140,0.0,0.0,0.00
2,999.7,1003.1,28.0,22.9,74,1.3,150,3.1,160,0.0,0.0,0.00,12.0
3,999.5,1002.9,27.9,22.9,74,0.7,180,2.2,170,0.0,0.0,0.00
4,999.5,1002.9,27.7,22.8,75,1.2,170,2.8,170,0.0,0.0,0.00
5,999.7,1003.2,27.4,22.7,76,1.6,170,3.0,170,0.0,0.0,0.00,12.0
6,1000.0,1003.5,27.1,22.6,76,1.3,140,3.2,110,0.0,0.0,0.0,0.00
7,1000.1,1003.5,27.9,23.3,76,1.1,170,3.1,150,0.0,0.0,0.1,0.46
8,1000.3,1003.7,29.3,24.2,74,1.5,80,2.7,130,0.0,0.0,0.8,1.22,16.0
9,1000.6,1004.0,31.4,25.2,70,0.8,110,2.7,170,0.0,0.0,1.0,1.99,8.0
10,1000.3,1003.7,32.9,25.0,63,1.6,100,4.2,80,0.0,0.0,1.0,2.65
11,999.9,1003.3,33.7,24.7,59,0.9,120,4.7,90,0.0,0.0,1.0,3.14,8.0
12,999.3,1002.7,34.2,24.9,59,2.0,80,4.3,100,0.0,0.0,0.5,2.22
13,999.2,1002.6,33.4,24.9,61,2.2,80,6.8,20,0.0,0.0,0.4,1.92
14,998.6,1002.0,33.5,24.7,60,3.0,30,6.2,30,0.0,0.0,0.2,1.21,13.0
15,998.2,1001.6,34.4,25.5,60,3.0,50,8.2,30,0.0,0.0,0.2,1.35
16,998.3,1001.7,33.1,24.3,60,2.8,130,8.9,150,0.0,0.0,0.4,1.48
17,998.3,1001.7,32.4,24.0,61,3.8,120,8.3,110,0.0,0.0,0.7,1.27,20.0
18,998.6,1002.0,31.6,23.4,62,3.3,110,8.0,130,0.0,0.0,0.4,0.48
19,999.3,1002.7,30.8,23.5,65,2.4,100,8.0,70,0.0,0.0,0.0,0.00
20,999.7,1003.1,30.3,23.5,67,3.4,110,7.7,100,0.0,0.0,0.00,15.0
21,999.8,1003.2,30.1,23.7,69,3.1,80,7.7,70,0.0,0.0,0.00,16.0
22,1000.0,1003.4,30.2,23.4,67,2.2,90,7.3,90,0.0,0.0,0.00
23,999.8,1003.2,30.0,23.2,67,3.0,80,6.7,100,0.0,0.0,0.00,15.0
24,999.8,1003.2,29.9,22.9,66,1.9,110,6.1,80,0.0,0.0,0.00
1,999.8,1003.2,29.6,23.0,68,1.3,110,4.7,130,0.0,0.0,0.00
2,999.7,1003.1,29.7,23.3,69,1.5,140,3.4,160,0.0,0.0,0.00,12.0
3,999.5,1002.9,29.0,23.4,72,0.6,100,2.8,140,0.0,0.0,0.00
4,999.7,1003.1,28.6,23.3,73,1.6,170,3.0,170,0.0,0.0,0.00
5,999.8,1003.2,28.3,23.2,74,0.8,160,2.5,170,0.0,0.0,0.00,15.0
6,1000.4,1003.8,28.6,23.4,74,1.3,170,3.0,170,0.0,0.0,0.0,0.00
7,1001.0,1004.4,28.9,23.8,74,1.0,190,3.8,170,0.0,0.0,0.0,0.23
8,1000.9,1004.3,30.4,24.9,73,0.5,170,2.5,210,0.0,0.0,0.8,1.14,12.0
9,1000.7,1004.1,31.9,25.8,70,0.9,30,2.7,90,0.0,0.0,1.0,1.99,10.0
10,1000.8,1004.2,32.5,25.7,68,0.6,240,3.5,150,0.0,0.0,0.4,1.78
11,1000.6,1004.0,33.2,26.4,68,1.4,320,5.8,320,0.0,0.0,0.3,1.88,10.0
12,1000.5,1003.9,33.2,26.4,68,1.0,350,6.3,340,0.0,0.0,0.2,1.53
13,1000.6,1004.0,29.6,25.7,80,1.0,280,7.4,310,3.2,0.7,0.0,0.72
14,1000.1,1003.5,28.8,25.9,84,1.3,310,5.7,330,12.0,1.0,0.0,0.53,10.0
15,1000.3,1003.7,29.1,25.6,81,1.4,320,5.5,340,T,0.2,0.0,0.47
16,1000.4,1003.8,29.2,25.3,80,0.5,V,6.0,330,0.0,0.0,0.0,0.03
17,1001.5,1005.0,26.5,24.7,90,1.0,50,6.4,170,23.2,0.8,0.0,0.00,1.2
18,1001.8,1005.3,27.1,24.9,88,0.9,210,5.2,100,8.5,1.0,0.0,0.00
19,1002.4,1005.9,26.6,24.1,86,2.1,230,5.0,220,3.5,1.0,0.0,0.00
20,1002.9,1006.4,26.4,24.2,88,1.6,220,4.4,250,1.9,1.0,0.00,7.0
21,1003.5,1007.0,26.7,24.5,88,0.5,200,3.5,220,0.5,1.0,0.00,7.0
22,1003.8,1007.3,26.4,24.4,89,0.2,0,3.4,350,0.2,1.0,0.00
23,1003.8,1007.3,26.1,23.7,87,0.6,320,5.5,330,T,0.2,0.00,25.0
24,1003.9,1007.4,25.6,23.7,89,0.3,V,3.7,320,0.0,0.0,0.00
1,1003.4,1006.9,25.7,23.7,89,0.7,110,2.2,260,0.0,0.0,0.00
2,1002.9,1006.4,26.2,23.7,86,0.8,110,2.0,110,0.0,0.0,0.00,30.0
3,1002.9,1006.4,26.0,23.7,87,0.9,70,2.9,30,0.0,0.0,0.00
4,1003.4,1006.9,26.2,23.7,86,1.3,130,2.7,110,0.0,0.0,0.00
5,1003.5,1007.0,26.4,23.4,84,2.0,120,4.2,60,0.0,0.0,0.00,30.0
6,1003.8,1007.3,26.1,23.8,87,0.5,130,3.4,100,0.0,0.0,0.0,0.00
7,1004.0,1007.5,27.2,24.1,83,0.7,140,2.5,140,0.0,0.0,0.1,0.49
8,1004.4,1007.9,28.3,24.9,82,1.9,90,4.0,80,0.0,0.0,0.4,1.16,22.0
9,1004.6,1008.0,29.4,25.0,77,2.3,90,5.9,130,0.0,0.0,0.5,1.77,22.0
10,1004.6,1008.0,30.5,25.3,74,1.6,90,5.0,90,0.0,0.0,0.4,1.90
11,1004.9,1008.3,30.9,25.6,73,3.0,70,6.7,70,0.0,0.0,0.0,1.99,25.0
12,1004.9,1008.3,31.2,25.3,71,2.5,80,6.9,80,0.0,0.0,0.0,2.04
13,1004.8,1008.2,30.4,25.1,73,2.5,80,5.9,70,0.1,0.2,0.0,1.49
14,1004.5,1007.9,30.8,25.2,72,2.8,90,6.0,80,0.0,0.0,0.0,1.24,25.0
15,1004.9,1008.3,30.5,25.1,73,2.0,30,5.8,60,0.0,0.0,0.0,1.02
16,1004.8,1008.3,28.4,25.8,86,0.9,10,6.3,340,3.8,0.3,0.0,0.52
17,1004.6,1008.0,29.3,24.8,77,1.8,80,4.5,80,0.0,0.0,0.0,0.61,20.0
18,1004.9,1008.3,29.3,24.6,76,1.2,100,4.8,80,0.0,0.0,0.0,0.39
19,1005.4,1008.8,29.3,24.1,74,1.3,100,3.8,80,0.0,0.0,0.0,0.00
20,1006.0,1009.5,29.2,23.5,71,1.1,70,2.5,80,0.0,0.0,0.00,20.0
21,1006.1,1009.6,29.3,24.1,74,0.9,140,3.2,160,0.0,0.0,0.00,20.0
22,1006.0,1009.5,28.6,24.9,80,1.4,110,2.7,160,0.0,0.0,0.00
23,1005.9,1009.4,28.3,24.8,81,0.6,190,3.1,140,T,0.3,0.00,20.0
24,1005.6,1009.1,27.9,24.1,80,0.6,110,3.3,180,T,0.5,0.00
1,1005.4,1008.9,27.6,24.4,83,1.1,170,2.2,190,0.0,0.0,0.00
2,1005.4,1008.9,27.4,24.2,83,0.2,0,2.7,150,0.0,0.0,0.00,20.0
3,1005.3,1008.8,27.3,23.9,82,1.4,150,3.0,140,0.0,0.0,0.00
4,1005.2,1008.7,26.9,23.7,83,0.8,170,2.9,150,0.0,0.0,0.00
5,1005.5,1009.0,27.0,23.4,81,0.4,220,2.3,240,0.0,0.0,0.00,25.0
6,1005.6,1009.1,27.3,23.5,80,0.8,150,2.2,140,0.0,0.0,0.0,0.00
7,1006.2,1009.7,27.5,23.9,81,0.7,180,3.0,160,0.0,0.0,0.0,0.21
8,1006.3,1009.8,28.6,24.2,77,0.4,190,1.8,160,0.0,0.0,0.0,0.60,30.0
9,1006.1,1009.5,30.1,24.6,72,1.2,140,3.4,140,0.0,0.0,0.1,1.30,30.0
10,1005.8,1009.2,32.7,26.0,68,0.5,130,3.8,90,0.0,0.0,0.9,3.01
11,1005.8,1009.2,33.9,23.9,56,0.4,100,3.7,40,0.0,0.0,1.0,3.41,30.0
12,1005.5,1008.9,35.3,24.1,52,0.7,280,4.2,310,0.0,0.0,0.8,3.02
13,1004.8,1008.2,36.0,25.5,55,1.0,320,5.2,320,0.0,0.0,0.9,3.14
14,1004.6,1008.0,36.1,23.3,48,0.6,170,6.8,300,0.0,0.0,0.9,3.22,24.0
15,1004.6,1008.0,34.0,24.8,59,2.2,30,6.1,330,0.0,0.0,0.3,1.69
16,1004.6,1008.0,32.2,23.8,61,5.5,80,10.2,80,0.0,0.0,0.1,1.24
17,1004.6,1008.0,31.6,23.7,63,4.4,70,8.6,70,0.0,0.0,0.0,0.60,25.0
18,1004.8,1008.2,31.4,23.7,64,3.0,80,7.6,70,0.0,0.0,0.0,0.22
19,1004.9,1008.3,30.9,24.0,67,3.5,80,6.7,70,0.0,0.0,0.0,0.00
20,1005.2,1008.6,30.7,23.7,66,2.3,60,4.5,80,0.0,0.0,0.00,20.0
21,1005.5,1008.9,30.6,23.8,67,1.1,100,4.5,70,0.0,0.0,0.00,20.0
22,1005.7,1009.1,30.2,23.8,69,1.3,150,3.9,80,0.0,0.0,0.00
23,1005.5,1008.9,29.6,23.8,71,0.9,180,2.3,180,0.0,0.0,0.00,20.0
24,1005.5,1009.0,29.1,24.0,74,1.5,160,2.7,150,0.0,0.0,0.00
1,1005.2,1008.7,28.6,23.6,74,0.6,150,3.0,140,0.0,0.0,0.00
2,1004.7,1008.2,28.1,23.4,76,0.9,120,3.4,120,0.0,0.0,0.00,18.0
3,1004.8,1008.3,27.9,23.1,75,1.6,160,2.7,110,0.0,0.0,0.00
4,1004.6,1008.1,27.7,23.0,76,1.3,140,3.2,170,0.0,0.0,0.00
5,1005.1,1008.6,27.6,22.9,76,0.7,210,2.6,110,0.0,0.0,0.00,16.0
6,1005.5,1009.0,27.7,22.9,75,1.0,120,3.6,160,0.0,0.0,0.0,0.00
7,1005.4,1008.9,28.1,23.4,76,1.4,170,2.7,160,0.0,0.0,0.0,0.23
8,1005.7,1009.2,29.2,23.6,72,0.2,0,2.5,170,0.0,0.0,0.0,0.60,22.0
9,1006.3,1009.7,30.1,24.1,70,0.8,230,2.4,200,0.0,0.0,0.0,0.96,20.0
10,1005.3,1008.7,32.1,25.1,67,0.9,130,2.7,110,0.0,0.0,0.7,2.33
11,1004.6,1008.0,34.1,25.2,60,0.3,60,2.8,10,0.0,0.0,1.0,2.94,22.0
12,1004.6,1008.0,34.3,24.7,58,0.8,260,4.7,130,0.0,0.0,0.9,3.44
13,1004.0,1007.4,35.0,24.9,56,0.9,290,3.8,280,0.0,0.0,0.6,2.68
14,1003.7,1007.1,33.9,23.0,53,2.1,300,7.4,280,0.0,0.0,0.5,2.29,20.0
15,1003.7,1007.1,32.4,25.1,66,2.5,110,4.7,90,0.0,0.0,0.1,1.09
16,1003.9,1007.3,31.1,24.3,67,2.2,70,5.1,80,T,0.5,0.0,0.55
17,1004.0,1007.4,29.3,24.9,77,1.0,210,4.0,70,2.4,0.6,0.0,0.39,16.0
18,1004.0,1007.4,29.7,25.2,77,1.3,80,3.7,70,0.0,0.0,0.0,0.54
19,1005.1,1008.5,29.6,25.6,79,0.8,190,3.4,120,0.0,0.0,0.0,0.00
20,1005.5,1008.9,29.3,24.8,77,1.8,60,4.0,70,0.0,0.0,0.00,14.0
21,1006.0,1009.4,29.4,24.5,75,1.8,80,4.6,70,0.0,0.0,0.00,14.0
22,1006.9,1010.4,29.1,24.2,75,1.0,130,5.9,100,0.0,0.0,0.00
23,1007.0,1010.5,28.8,24.0,75,0.7,170,3.8,90,T,0.2,0.00,13.0
24,1006.7,1010.2,28.9,22.5,68,1.6,250,3.1,280,0.1,0.2,0.00
1,1006.3,1009.8,28.2,22.6,72,0.1,0,2.1,240,0.0,0.0,0.00
2,1005.8,1009.3,28.4,22.5,70,0.2,0,1.6,10,0.0,0.0,0.00,13.0
3,1005.8,1009.3,27.8,23.5,77,1.6,170,2.6,170,0.0,0.0,0.00
4,1005.7,1009.2,27.6,23.4,78,0.3,200,1.9,180,0.0,0.0,0.00
5,1005.8,1009.3,27.3,23.3,79,1.6,120,3.2,160,0.0,0.0,0.00,15.0
6,1006.4,1009.9,27.3,23.8,81,1.0,170,3.1,120,0.0,0.0,0.0,0.02
7,1006.4,1009.9,28.0,23.7,78,0.7,130,3.7,180,0.0,0.0,0.0,0.64
8,1006.3,1009.7,30.4,25.3,74,1.1,120,2.8,80,0.0,0.0,1.0,1.48,18.0
9,1006.4,1009.8,32.6,26.1,69,0.1,0,2.4,170,0.0,0.0,1.0,2.19,15.0
10,1006.4,1009.8,33.9,25.2,61,0.9,340,3.6,280,0.0,0.0,1.0,2.91
11,1006.0,1009.4,34.2,25.2,60,2.0,360,5.8,340,0.0,0.0,1.0,3.45,15.0
12,1005.6,1009.0,35.5,25.5,56,1.8,320,6.7,50,0.0,0.0,0.9,3.73
13,1005.8,1009.3,27.8,25.2,86,1.9,350,7.2,340,5.4,0.7,0.0,0.45
14,1006.9,1010.4,25.6,23.9,90,2.5,80,6.9,340,50.5,1.0,0.0,0.00,2.0
15,1006.7,1010.2,25.8,23.8,89,2.1,100,5.9,70,9.0,1.0,0.0,0.00
16,1006.4,1009.9,26.0,23.9,88,0.3,80,3.1,90,3.0,1.0,0.0,0.00
17,1006.0,1009.5,27.3,25.0,87,0.5,100,1.7,110,0.1,0.6,0.0,0.47,13.0
18,1006.2,1009.7,27.4,25.0,87,0.9,130,2.0,10,0.0,0.0,0.0,0.37
19,1007.0,1010.5,27.2,24.9,87,0.4,150,2.4,120,0.0,0.0,0.0,0.00
20,1007.3,1010.8,27.0,24.7,87,1.1,190,2.3,180,0.0,0.0,0.00,13.0
21,1007.4,1010.9,27.0,24.6,87,0.8,200,2.6,110,0.0,0.0,0.00,13.0
22,1007.9,1011.4,26.7,24.1,86,1.0,170,2.7,180,0.0,0.0,0.00
23,1007.6,1011.1,26.4,23.8,86,1.4,160,2.7,140,0.0,0.0,0.00,13.0
24,1007.2,1010.7,26.1,23.4,85,0.8,160,3.0,150,0.0,0.0,0.00
1,1006.7,1010.2,25.9,23.5,87,0.8,150,3.3,80,0.0,0.0,0.00
2,1006.5,1010.0,25.8,23.0,85,1.4,170,3.0,160,0.0,0.0,0.00,11.0
3,1006.3,1009.8,25.8,22.5,82,1.9,140,3.1,150,0.0,0.0,0.00
4,1006.4,1009.9,25.5,22.7,85,1.3,150,2.7,160,0.0,0.0,0.00
5,1006.6,1010.1,25.5,22.7,85,1.0,160,1.9,200,0.0,0.0,0.00,16.0
6,1006.7,1010.2,25.6,22.7,84,0.7,170,1.9,190,0.0,0.0,0.0,0.00
7,1006.7,1010.2,26.7,23.4,82,0.8,120,2.8,170,0.0,0.0,0.1,0.72
8,1006.5,1010.0,28.5,25.2,82,1.2,100,2.5,110,0.0,0.0,1.0,1.46,13.0
9,1006.4,1009.8,30.9,25.2,72,1.5,20,3.1,20,0.0,0.0,1.0,2.19,20.0
10,1006.2,1009.6,32.5,25.0,65,0.8,20,3.0,70,0.0,0.0,1.0,2.85
11,1005.8,1009.2,33.5,25.2,62,0.6,70,3.5,90,0.0,0.0,1.0,3.30,20.0
12,1005.3,1008.7,34.5,25.0,58,2.3,350,6.8,10,0.0,0.0,1.0,3.36
13,1005.1,1008.5,34.3,25.3,60,2.0,330,6.1,20,0.0,0.0,1.0,3.45
14,1004.5,1007.9,34.0,25.8,62,1.9,320,7.0,330,0.0,0.0,0.8,3.00,18.0
15,1004.0,1007.4,32.1,25.6,69,1.8,10,6.1,340,0.0,0.0,0.3,1.18
16,1004.5,1008.0,28.9,24.9,79,2.8,110,7.8,100,0.5,0.4,0.1,0.86
17,1004.7,1008.2,28.7,24.8,80,0.5,100,3.8,90,0.0,0.0,0.1,0.22,12.0
18,1004.8,1008.3,28.9,24.3,76,0.5,190,3.1,40,0.0,0.0,0.0,0.04
19,1005.3,1008.8,28.8,24.2,76,0.8,190,2.6,80,0.0,0.0,0.0,0.00
20,1005.6,1009.1,28.8,24.2,76,0.8,210,1.9,200,0.0,0.0,0.00,12.0
21,1006.6,1010.1,28.2,24.1,78,1.2,150,3.1,120,0.0,0.0,0.00,12.0
22,1006.7,1010.2,28.1,24.0,78,1.2,170,2.3,90,0.0,0.0,0.00
23,1005.8,1009.3,27.9,23.8,78,1.6,120,3.0,100,0.0,0.0,0.00,12.0
24,1005.3,1008.8,27.6,24.2,82,1.5,170,3.0,110,0.0,0.0,0.00
1,1004.9,1008.4,27.7,23.9,80,1.0,220,2.5,180,0.0,0.0,0.00
2,1004.6,1008.1,27.7,23.8,79,1.1,170,2.4,210,0.0,0.0,0.00,10.0
3,1004.5,1008.0,27.2,23.4,80,1.6,130,2.8,160,0.0,0.0,0.00
4,1004.6,1008.1,26.8,22.9,79,0.9,200,2.8,160,0.0,0.0,0.00
5,1005.1,1008.6,26.5,22.2,77,1.1,170,2.9,160,0.0,0.0,0.00,10.0
6,1005.4,1008.9,26.8,23.1,80,0.4,190,1.7,150,0.0,0.0,0.0,0.00
7,1005.7,1009.2,27.0,23.1,79,1.5,160,3.0,140,0.0,0.0,0.1,0.56
8,1005.8,1009.3,28.9,24.6,78,0.3,220,2.3,140,0.0,0.0,1.0,1.43,15.0
9,1005.8,1009.2,30.5,24.7,71,0.8,170,2.5,160,0.0,0.0,1.0,2.22,16.0
10,1005.7,1009.1,32.6,22.7,56,1.3,290,4.0,260,0.0,0.0,1.0,2.92
11,1004.9,1008.3,34.1,22.2,50,1.8,220,6.1,250,0.0,0.0,1.0,3.42,16.0
12,1004.2,1007.6,34.9,22.0,47,1.3,280,5.8,190,0.0,0.0,1.0,3.60
13,1003.5,1006.9,35.8,24.3,52,1.1,340,5.5,240,0.0,0.0,0.9,3.63
14,1003.1,1006.5,34.4,26.9,65,2.6,30,8.4,40,0.0,0.0,0.5,2.37,20.0
15,1003.3,1006.7,34.1,25.0,59,2.4,290,7.8,310,0.0,0.0,0.8,2.65
16,1003.1,1006.5,31.6,24.7,67,1.5,60,8.0,10,0.0,0.0,0.1,0.72
17,1003.4,1006.8,30.7,24.2,68,2.1,60,6.3,100,0.0,0.0,0.0,0.37,16.0
18,1004.0,1007.4,30.2,24.2,70,1.4,90,5.0,70,0.0,0.0,0.0,0.10
19,1004.1,1007.5,30.2,24.2,70,0.7,120,3.4,60,0.0,0.0,0.0,0.00
20,1004.6,1008.0,29.7,24.4,73,1.3,180,3.5,150,0.0,0.0,0.00,12.0
21,1005.4,1008.8,29.5,24.7,75,1.5,170,3.0,320,0.0,0.0,0.00,12.0
22,1005.8,1009.2,29.7,24.7,75,1.5,250,3.8,290,0.0,0.0,0.00
23,1005.7,1009.2,28.9,24.4,77,1.8,170,4.3,260,0.0,0.0,0.00,12.0
24,1005.6,1009.1,28.9,24.3,76,0.9,160,3.4,190,0.0,0.0,0.00
1,1005.2,1008.7,28.3,23.9,77,1.8,170,4.8,280,0.0,0.0,0.00
2,1005.0,1008.5,28.0,23.5,77,0.8,170,3.3,160,0.0,0.0,0.00,12.0
3,1005.1,1008.6,27.8,23.4,77,0.7,140,2.1,140,0.0,0.0,0.00
4,1005.1,1008.6,28.0,23.8,78,2.0,260,4.3,300,0.0,0.0,0.00
5,1005.4,1008.9,27.1,22.9,78,1.6,140,2.8,110,0.0,0.0,0.00,12.0
6,1006.1,1009.6,26.8,22.6,78,1.0,120,3.1,140,0.0,0.0,0.0,0.00
7,1006.8,1010.3,27.7,22.9,75,0.7,140,3.0,130,0.0,0.0,0.2,0.65
8,1007.0,1010.4,30.3,24.5,71,1.6,250,4.3,220,0.0,0.0,1.0,1.45,16.0
9,1007.2,1010.6,31.9,25.3,68,0.9,230,5.5,270,0.0,0.0,1.0,2.15,24.0
10,1007.5,1010.9,32.8,24.3,61,3.3,230,7.2,210,0.0,0.0,1.0,2.84
11,1007.2,1010.6,34.2,24.6,57,1.4,220,6.8,270,0.0,0.0,1.0,3.39,24.0
12,1007.1,1010.5,34.6,24.0,54,2.1,260,7.3,280,0.0,0.0,0.8,3.11
13,1006.6,1010.0,35.7,24.1,51,2.0,280,7.8,280,0.0,0.0,0.8,3.11
14,1006.4,1009.8,35.0,23.2,51,2.7,290,7.8,280,0.0,0.0,0.9,3.27,24.0
15,1006.8,1010.2,35.9,23.8,50,2.5,290,7.7,300,0.0,0.0,0.7,2.52
16,1006.6,1010.0,32.7,23.8,60,2.4,170,7.4,280,0.0,0.0,0.4,1.68
17,1006.6,1010.0,30.6,23.3,65,2.5,150,6.3,150,0.0,0.0,0.0,0.60,24.0
18,1007.0,1010.4,30.2,23.1,66,2.4,160,5.3,150,0.0,0.0,0.0,0.34
19,1007.7,1011.2,29.1,22.7,68,3.0,160,5.2,170,0.0,0.0,0.0,0.00
20,1008.1,1011.6,28.8,22.8,70,2.0,160,5.8,190,0.0,0.0,0.00,20.0
21,1008.6,1012.1,28.4,22.8,72,3.1,170,6.2,140,0.0,0.0,0.00,20.0
22,1009.0,1012.5,28.2,22.8,73,2.0,160,5.4,160,0.0,0.0,0.00
23,1008.9,1012.4,28.0,22.7,73,2.0,160,3.5,160,0.0,0.0,0.00,20.0
24,1008.9,1012.4,27.7,22.7,74,2.5,160,4.7,160,0.0,0.0,0.00
1,1008.4,1011.9,27.4,22.5,75,1.2,150,4.7,160,0.0,0.0,0.00
2,1008.2,1011.7,27.2,22.5,76,0.3,160,4.1,150,0.0,0.0,0.00,20.0
3,1008.0,1011.5,27.0,22.5,76,1.0,160,2.0,150,0.0,0.0,0.00
4,1008.1,1011.6,26.9,22.4,76,1.1,150,2.4,150,0.0,0.0,0.00
5,1008.6,1012.1,26.4,22.2,78,1.5,160,3.0,130,0.0,0.0,0.00,20.0
6,1009.3,1012.8,26.5,22.4,78,1.7,150,4.6,150,0.0,0.0,0.0,0.00
7,1009.3,1012.8,27.4,23.2,78,0.3,130,3.8,160,0.0,0.0,0.1,0.57
8,1009.6,1013.1,29.0,24.1,75,0.1,0,2.9,170,0.0,0.0,0.7,1.28,20.0
9,1009.7,1013.1,31.2,24.2,66,2.4,260,6.3,210,0.0,0.0,0.8,2.15,25.0
10,1009.7,1013.1,31.8,24.6,66,2.6,220,6.5,280,0.0,0.0,0.5,2.13
11,1009.0,1012.4,33.6,25.0,61,2.2,250,5.3,200,0.0,0.0,0.8,3.07,25.0
12,1008.5,1011.9,34.5,25.6,60,1.4,200,5.9,220,0.0,0.0,0.7,2.97
13,1007.8,1011.2,35.1,25.0,56,1.7,230,5.5,230,0.0,0.0,0.9,3.27
14,1007.1,1010.5,33.9,26.1,64,1.8,350,5.6,40,0.0,0.0,0.2,1.64,20.0
15,1007.6,1011.1,28.5,25.2,82,3.4,130,6.0,100,5.5,0.6,0.0,0.05
16,1008.0,1011.5,28.5,25.6,84,2.0,160,7.9,160,0.4,0.7,0.0,0.00
17,1007.9,1011.4,27.0,23.0,79,2.4,170,6.5,170,0.1,0.4,0.0,0.00,40.0
18,1008.1,1011.6,27.4,22.6,75,2.0,140,5.7,180,0.0,0.0,0.0,0.00
19,1008.8,1012.3,27.7,22.9,75,1.6,160,4.7,170,0.0,0.0,0.0,0.00
20,1009.1,1012.6,27.2,22.4,75,1.1,150,5.0,180,0.0,0.0,0.00,30.0
21,1009.5,1013.0,27.0,22.3,76,1.0,140,4.3,150,0.0,0.0,0.00,30.0
22,1009.5,1013.0,27.0,22.5,76,1.1,160,3.5,150,0.0,0.0,0.00
23,1009.3,1012.8,26.9,22.4,76,0.6,180,3.7,150,0.0,0.0,0.00,30.0
24,1009.1,1012.6,26.7,22.1,76,1.5,170,3.2,180,0.0,0.0,0.00
1,1009.1,1012.6,26.4,22.1,77,0.8,160,2.9,150,0.0,0.0,0.00
2,1009.0,1012.5,26.2,22.1,78,1.3,160,2.7,120,0.0,0.0,0.00,30.0
3,1009.0,1012.5,25.9,22.0,79,1.1,160,3.2,160,0.0,0.0,0.00
4,1008.7,1012.2,25.8,21.9,79,2.3,160,3.7,190,0.0,0.0,0.00
5,1008.8,1012.3,25.6,21.5,78,1.5,160,4.1,150,0.0,0.0,0.00,50.0
6,1008.9,1012.4,25.7,21.7,79,1.8,160,3.8,150,0.0,0.0,0.0,0.02
7,1009.4,1012.9,26.7,21.9,75,1.4,190,4.1,160,0.0,0.0,0.3,0.51
8,1009.6,1013.1,28.9,23.8,74,0.4,140,2.8,230,0.0,0.0,1.0,1.38,50.0
9,1009.5,1012.9,30.7,23.8,67,0.6,220,2.2,240,0.0,0.0,1.0,2.15,50.0
10,1009.3,1012.7,32.9,22.6,55,1.5,210,4.1,230,0.0,0.0,1.0,2.93
11,1008.7,1012.1,34.3,21.8,48,1.5,200,4.5,210,0.0,0.0,1.0,3.44,40.0
12,1008.0,1011.4,35.7,22.2,46,1.1,190,5.3,170,0.0,0.0,1.0,3.60
13,1007.2,1010.6,36.1,22.3,45,0.2,0,5.3,220,0.0,0.0,1.0,3.50
14,1006.9,1010.3,33.9,25.3,61,1.9,350,6.8,360,0.0,0.0,0.3,1.34,20.0
15,1007.7,1011.2,27.8,23.1,76,5.6,160,10.9,160,1.7,0.1,0.5,1.60
16,1007.6,1011.1,26.2,23.1,83,0.6,190,12.0,190,32.0,1.0,0.0,0.00
17,1007.7,1011.2,27.0,23.3,80,1.4,240,2.5,190,T,0.2,0.0,0.00,40.0
18,1008.5,1012.0,27.2,24.3,84,0.3,170,2.3,170,0.0,0.0,0.0,0.00
19,1009.9,1013.4,25.6,22.9,85,4.2,210,11.3,230,3.3,0.3,0.0,0.00
20,1009.4,1012.9,24.8,22.6,88,0.2,0,9.3,230,8.0,1.0,0.00,25.0
21,1009.5,1013.0,24.9,22.9,89,0.0,0,1.7,20,T,0.3,0.00,25.0
22,1009.6,1013.1,25.0,23.0,89,0.8,190,2.3,200,0.0,0.0,0.00
23,1009.3,1012.8,24.8,22.7,88,0.6,120,2.7,120,0.0,0.0,0.00,25.0
24,1009.4,1012.9,24.6,22.7,89,0.8,190,2.7,100,0.0,0.0,0.00
1,1009.1,1012.6,24.8,22.7,88,0.9,210,2.4,220,0.0,0.0,0.00
2,1008.8,1012.3,24.6,22.7,89,0.6,170,2.3,270,0.0,0.0,0.00,25.0
3,1008.3,1011.8,24.6,22.2,87,1.1,160,2.2,180,0.0,0.0,0.00
4,1008.2,1011.7,24.7,22.0,85,0.9,170,3.0,160,0.0,0.0,0.00
5,1008.6,1012.1,24.4,21.8,85,0.9,170,3.3,190,0.0,0.0,0.00,40.0
6,1009.4,1012.9,24.7,21.7,83,0.4,160,2.9,160,0.0,0.0,0.0,0.00
7,1009.6,1013.1,25.3,21.7,80,0.7,180,3.2,150,0.0,0.0,0.1,0.17
8,1009.8,1013.3,26.9,23.2,80,1.5,160,2.9,160,0.0,0.0,0.4,0.94,50.0
9,1009.7,1013.2,29.9,24.3,72,0.5,240,2.4,150,0.0,0.0,1.0,2.44,50.0
10,1009.6,1013.0,32.4,23.4,59,1.0,220,4.0,290,0.0,0.0,0.9,2.94
11,1009.2,1012.6,33.4,23.8,57,0.5,200,4.7,170,0.0,0.0,1.0,3.49,50.0
12,1008.6,1012.0,33.7,22.9,53,0.8,190,4.5,190,0.0,0.0,0.9,3.50
13,1007.9,1011.3,34.2,22.3,50,1.1,290,4.3,220,0.0,0.0,1.0,3.35
14,1007.5,1010.9,33.7,23.7,56,1.4,260,5.4,210,0.0,0.0,0.5,2.05,25.0
15,1007.2,1010.6,32.1,24.3,64,1.3,300,5.3,290,0.0,0.0,0.0,0.60
16,1007.0,1010.4,32.6,24.3,62,0.7,70,3.0,280,0.0,0.0,0.1,0.96
17,1006.6,1010.0,31.7,24.2,65,1.9,350,4.1,350,0.0,0.0,0.2,0.76,20.0
18,1006.7,1010.1,31.5,24.7,67,0.7,10,4.7,350,0.0,0.0,0.0,0.45
19,1008.1,1011.5,30.6,24.3,69,0.4,320,4.7,40,0.0,0.0,0.0,0.00
20,1009.2,1012.7,27.0,23.3,80,3.0,230,6.3,260,1.2,0.4,0.00,10.0
21,1008.6,1012.1,24.8,22.5,87,0.8,90,6.5,220,3.3,0.8,0.00,12.0
22,1009.5,1013.0,25.7,23.3,87,0.6,190,2.5,170,0.0,0.0,0.00
23,1009.6,1013.1,26.0,23.5,86,0.7,210,2.6,280,0.0,0.0,0.00,12.0
24,1009.2,1012.7,25.9,23.8,88,0.0,0,1.5,180,0.0,0.0,0.00
1,1008.6,1012.1,26.3,23.9,87,0.9,210,1.4,200,0.0,0.0,0.00
2,1008.4,1011.9,26.0,23.7,87,0.5,200,2.3,180,0.0,0.0,0.00,12.0
3,1008.1,1011.6,26.3,23.6,85,1.5,140,2.8,150,0.0,0.0,0.00
4,1008.0,1011.5,26.2,23.6,86,0.4,140,2.8,120,0.0,0.0,0.00
5,1008.1,1011.6,26.0,23.6,87,0.9,180,1.9,170,0.0,0.0,0.00,15.0
6,1008.8,1012.3,26.2,23.5,85,1.3,170,2.8,160,0.0,0.0,0.0,0.00
7,1009.4,1012.9,26.9,23.7,83,1.5,150,3.7,180,0.0,0.0,0.3,0.47
8,1009.6,1013.1,28.7,25.1,81,0.3,170,2.3,170,0.0,0.0,1.0,1.31,16.0
9,1009.7,1013.2,30.4,25.3,74,0.6,310,3.3,270,0.0,0.0,1.0,1.76,14.0
10,1009.5,1012.9,32.2,26.3,71,0.4,150,3.5,280,0.0,0.0,0.8,2.27
11,1009.2,1012.6,32.7,24.7,63,1.2,250,4.8,260,0.0,0.0,0.7,2.86,13.0
12,1008.8,1012.2,33.9,26.2,64,1.5,360,5.0,340,0.0,0.0,0.9,3.50
13,1008.2,1011.6,33.4,26.1,66,2.0,330,7.7,340,0.0,0.0,0.9,3.28
14,1008.0,1011.4,31.9,25.3,68,1.1,330,6.6,330,0.0,0.0,0.4,1.68,13.0
15,1008.7,1012.2,28.7,25.1,81,2.2,360,6.1,30,0.8,0.6,0.0,0.01
16,1008.7,1012.2,25.3,22.6,85,3.3,160,7.9,170,3.5,1.0,0.0,0.00
17,1008.5,1012.0,26.0,22.3,80,2.2,160,7.3,170,T,0.2,0.0,0.28,10.0
18,1007.8,1011.3,27.3,23.6,80,0.8,140,4.3,160,0.0,0.0,0.0,0.43
19,1008.1,1011.6,26.8,22.9,79,0.7,190,3.1,180,0.0,0.0,0.0,0.16
20,1008.5,1012.0,26.8,22.4,77,0.7,170,3.1,170,0.0,0.0,0.00,15.0
21,1009.0,1012.5,26.1,22.0,78,2.1,170,4.6,150,0.0,0.0,0.00,15.0
22,1008.9,1012.4,26.0,22.0,79,1.3,180,5.2,170,0.0,0.0,0.00
23,1008.8,1012.3,25.9,22.0,79,1.3,150,4.0,170,0.0,0.0,0.00,15.0
24,1008.6,1012.1,25.7,22.0,80,1.1,170,4.0,170,0.0,0.0,0.00
1,1008.0,1011.5,27.3,21.7,72,1.8,160,3.8,180,0.0,0.0,0.00
2,1008.0,1011.5,26.7,21.4,73,0.8,140,3.2,130,0.0,0.0,0.00,16.0
3,1008.1,1011.6,26.5,21.4,74,1.2,160,2.8,160,0.0,0.0,0.00
4,1008.0,1011.5,26.1,21.5,76,1.1,140,2.6,150,0.0,0.0,0.00
5,1008.3,1011.8,25.8,21.3,76,1.4,170,3.6,150,0.0,0.0,0.00,18.0
6,1009.0,1012.5,25.8,21.4,77,1.3,170,3.2,170,0.0,0.0,0.2,0.00
7,1009.3,1012.8,26.4,21.9,76,1.4,140,3.2,170,0.0,0.0,0.6,0.49
8,1009.4,1012.9,28.2,23.9,78,0.7,180,2.3,180,0.0,0.0,1.0,1.35,18.0
9,1009.5,1013.0,30.4,24.5,71,1.0,250,2.9,270,0.0,0.0,1.0,2.05,15.0
10,1009.3,1012.7,32.1,25.6,69,0.3,330,3.8,280,0.0,0.0,1.0,2.83
11,1008.9,1012.3,32.4,24.1,62,0.8,V,4.1,240,0.0,0.0,0.8,2.97,17.0
12,1008.6,1012.0,34.1,25.9,62,1.1,350,5.0,20,0.0,0.0,1.0,3.59
13,1008.2,1011.6,34.2,25.7,61,1.5,350,7.1,330,0.0,0.0,1.0,3.60
14,1007.6,1011.0,34.5,25.5,60,0.9,340,6.6,20,0.0,0.0,0.9,3.25,25.0
15,1007.2,1010.6,33.0,24.0,59,1.5,350,6.5,340,0.0,0.0,0.7,2.31
16,1006.9,1010.3,32.2,24.6,64,0.8,40,5.1,340,0.0,0.0,0.3,1.23
17,1006.8,1010.2,31.2,23.8,65,2.5,60,6.8,70,0.0,0.0,0.2,0.88,20.0
18,1007.1,1010.5,30.8,23.5,65,2.5,70,6.3,80,0.0,0.0,0.0,0.37
19,1007.4,1010.8,30.1,23.5,68,2.5,90,6.0,70,0.0,0.0,0.0,0.00
20,1008.1,1011.6,29.6,22.0,64,2.5,90,5.7,100,0.0,0.0,0.00,18.0
21,1008.4,1011.9,29.1,22.0,66,2.4,80,5.8,80,0.0,0.0,0.00,18.0
22,1008.4,1011.9,28.8,22.4,68,2.0,100,6.0,100,0.0,0.0,0.00
23,1008.2,1011.7,28.8,21.9,66,2.4,90,5.0,80,0.0,0.0,0.00,18.0
24,1007.6,1011.1,28.5,21.8,67,2.2,70,5.2,100,0.0,0.0,0.00
1,1007.4,1010.9,28.0,21.8,69,1.3,190,4.3,70,0.0,0.0,0.00
2,1007.6,1011.1,27.5,22.4,74,0.7,200,2.6,220,0.0,0.0,0.00,18.0
3,1008.2,1011.7,27.3,22.5,75,1.7,230,4.0,220,0.0,0.0,0.00
4,1008.8,1012.3,27.5,22.5,74,1.2,190,4.0,220,0.0,0.0,0.00
5,1009.2,1012.7,27.5,22.6,75,1.4,190,2.4,170,0.0,0.0,0.00,15.0
6,1009.7,1013.2,26.7,21.7,74,1.8,160,2.6,150,0.0,0.0,0.0,0.00
7,1009.9,1013.4,27.4,22.2,73,1.6,170,2.8,120,0.0,0.0,0.4,0.41
8,1010.2,1013.7,29.0,23.8,74,0.8,160,2.5,180,0.0,0.0,0.9,1.22,15.0
9,1010.1,1013.6,30.5,24.9,72,0.6,140,3.0,160,0.0,0.0,0.9,1.97,18.0
10,1009.8,1013.2,31.8,24.8,67,0.7,270,2.8,280,0.0,0.0,0.8,2.44
11,1009.6,1013.0,33.0,24.8,62,0.6,210,3.7,290,0.0,0.0,0.7,2.51,22.0
12,1008.7,1012.1,33.5,23.7,57,1.5,240,4.3,300,0.0,0.0,0.8,3.11
13,1007.9,1011.3,34.0,24.6,58,0.5,V,5.5,280,0.0,0.0,0.7,2.85
14,1007.1,1010.5,34.4,25.0,58,1.3,40,5.1,20,0.0,0.0,0.5,2.26,22.0
15,1007.0,1010.4,32.9,24.7,62,1.6,20,7.3,60,0.0,0.0,0.2,1.07
16,1006.7,1010.1,32.0,24.3,64,1.8,70,7.4,80,0.0,0.0,0.1,0.95
17,1006.5,1009.9,31.3,23.9,65,1.5,70,5.8,80,0.0,0.0,0.0,0.61,20.0
18,1006.7,1010.1,31.0,22.8,62,3.0,80,6.0,90,0.0,0.0,0.3,0.42
19,1007.1,1010.5,30.3,22.3,62,2.0,80,5.0,90,0.0,0.0,0.0,0.00
20,1007.2,1010.6,29.9,21.0,59,1.9,120,5.1,70,0.0,0.0,0.00,20.0
21,1007.7,1011.2,29.1,21.6,64,2.8,110,5.0,70,0.0,0.0,0.00,20.0
22,1007.9,1011.4,28.7,22.2,68,1.9,120,5.0,140,0.0,0.0,0.00
23,1008.1,1011.6,28.6,22.1,68,1.6,150,3.6,170,0.0,0.0,0.00,20.0
24,1008.3,1011.8,27.9,22.0,70,1.2,150,2.9,110,0.0,0.0,0.00
1,1008.1,1011.6,27.1,21.6,72,1.3,150,3.4,120,0.0,0.0,0.00
2,1008.1,1011.6,26.8,21.5,73,1.5,130,3.6,180,0.0,0.0,0.00,20.0
3,1008.2,1011.7,26.5,21.3,73,2.2,160,4.0,150,0.0,0.0,0.00
4,1008.3,1011.8,26.4,21.5,74,1.3,180,4.1,140,0.0,0.0,0.00
5,1008.6,1012.1,26.0,21.3,75,1.8,170,3.5,160,0.0,0.0,0.00,20.0
6,1008.9,1012.4,25.9,21.2,75,1.6,160,3.6,130,0.0,0.0,0.0,0.00
7,1009.1,1012.6,26.5,21.7,75,1.7,140,4.2,160,0.0,0.0,0.4,0.43
8,1009.1,1012.6,28.3,23.3,74,0.8,140,3.5,170,0.0,0.0,0.6,0.98,20.0
9,1008.8,1012.3,30.2,24.3,71,0.7,170,2.1,90,0.0,0.0,1.0,2.02,16.0
10,1008.2,1011.6,32.6,23.5,59,0.4,270,2.6,160,0.0,0.0,1.0,2.76
11,1007.6,1011.0,33.5,22.8,54,0.7,180,3.0,250,0.0,0.0,1.0,3.21,13.0
12,1007.2,1010.6,33.0,24.8,62,1.4,320,6.2,320,0.0,0.0,0.6,2.67
13,1006.3,1009.7,34.0,25.5,61,1.6,330,6.3,340,0.0,0.0,0.7,2.77
14,1004.9,1008.3,32.9,25.3,64,0.3,10,6.6,340,0.0,0.0,0.6,2.34,24.0
15,1005.7,1009.1,32.5,24.7,64,0.9,340,10.3,340,0.0,0.0,0.0,0.73
16,1005.7,1009.1,32.4,23.8,61,1.2,320,5.7,320,0.0,0.0,0.4,1.35
17,1005.8,1009.2,31.8,23.4,61,0.6,280,5.7,270,0.0,0.0,0.0,0.60,25.0
18,1005.9,1009.3,31.1,22.6,61,0.5,10,4.0,330,0.0,0.0,0.0,0.28
19,1006.2,1009.6,29.6,22.7,67,2.7,80,5.5,80,0.0,0.0,0.0,0.00
20,1006.4,1009.9,29.3,23.2,70,1.7,80,5.9,90,0.0,0.0,0.00,25.0
21,1006.8,1010.3,28.8,23.2,72,2.7,90,5.0,110,0.0,0.0,0.00,25.0
22,1006.5,1010.0,28.7,23.2,72,1.5,90,4.5,110,0.0,0.0,0.00
23,1006.4,1009.9,28.6,22.7,70,2.2,80,4.6,80,0.0,0.0,0.00,25.0
24,1006.3,1009.8,27.9,22.7,73,0.9,190,4.1,70,0.0,0.0,0.00
1,1006.4,1009.9,27.8,22.2,72,1.4,160,3.2,160,0.0,0.0,0.00
2,1006.4,1009.9,27.4,22.6,75,1.9,210,3.5,220,0.0,0.0,0.00,20.0
3,1006.3,1009.8,27.5,22.6,75,1.1,190,2.9,210,0.0,0.0,0.00
4,1006.4,1009.9,26.9,21.9,74,1.0,140,2.2,180,0.0,0.0,0.00
5,1006.3,1009.8,26.4,21.6,75,1.2,150,2.4,150,0.0,0.0,0.00,18.0
6,1006.7,1010.2,26.3,21.7,76,1.5,140,2.3,210,0.0,0.0,0.0,0.00
7,1006.6,1010.1,26.8,22.0,75,1.4,150,3.0,170,0.0,0.0,0.5,0.46
8,1006.6,1010.1,28.8,24.0,75,0.7,200,2.5,150,0.0,0.0,1.0,1.30,15.0
9,1006.3,1009.7,30.9,24.7,70,0.5,310,3.0,140,0.0,0.0,0.9,1.95,15.0
10,1005.8,1009.2,31.6,24.5,66,0.5,310,3.7,200,0.0,0.0,0.7,2.10
11,1005.0,1008.4,33.5,25.2,62,0.7,280,3.6,290,0.0,0.0,0.8,2.73,15.0
12,1004.7,1008.1,33.9,25.0,60,0.8,310,5.0,270,0.0,0.0,0.9,3.56
13,1004.2,1007.6,35.0,25.6,58,0.9,330,5.8,320,0.0,0.0,1.0,3.47
14,1003.6,1007.0,34.7,25.4,59,1.6,320,5.5,330,0.0,0.0,0.8,3.21,14.0
15,1003.3,1006.7,31.6,24.9,68,3.6,40,7.4,50,0.0,0.0,0.0,0.37
16,1003.4,1006.8,31.0,24.6,69,2.0,60,7.6,30,0.0,0.0,0.0,0.40
17,1003.2,1006.6,30.5,24.5,70,2.2,70,6.2,80,0.0,0.0,0.0,0.19,16.0
18,1003.3,1006.7,29.9,24.3,72,2.8,80,6.2,80,0.0,0.0,0.0,0.00
19,1003.7,1007.1,29.2,23.9,73,3.3,70,7.4,70,0.0,0.0,0.0,0.00
20,1004.1,1007.5,28.8,23.1,71,3.5,70,7.2,80,0.0,0.0,0.00,16.0
21,1004.6,1008.1,28.7,23.1,72,2.2,80,6.0,80,0.0,0.0,0.00,13.0
22,1004.5,1008.0,28.6,22.6,70,2.7,80,5.0,70,0.0,0.0,0.00
23,1004.4,1007.9,28.4,22.6,71,1.8,80,5.7,70,0.0,0.0,0.00,13.0
24,1004.1,1007.6,28.0,22.3,71,3.3,80,4.8,80,0.0,0.0,0.00
1,1004.2,1007.7,27.8,22.3,72,0.3,160,4.2,80,0.0,0.0,0.00
2,1004.1,1007.6,27.4,22.4,74,0.7,130,3.0,160,0.0,0.0,0.00,13.0
3,1003.9,1007.4,26.9,22.4,76,1.3,150,2.9,110,0.0,0.0,0.00
4,1004.1,1007.6,26.6,22.2,77,1.0,160,3.4,160,0.0,0.0,0.00
5,1004.2,1007.7,26.2,21.8,77,1.5,160,3.9,130,0.0,0.0,0.00,13.0
6,1004.6,1008.1,26.1,21.6,76,2.2,150,4.8,150,0.0,0.0,0.0,0.00
7,1004.6,1008.1,26.7,21.8,75,2.0,160,4.1,150,0.0,0.0,0.6,0.45
8,1004.7,1008.2,28.8,23.5,73,0.5,190,4.1,160,0.0,0.0,1.0,1.27,16.0
9,1004.4,1007.8,30.5,24.9,72,0.3,150,2.2,210,0.0,0.0,1.0,2.00,12.0
10,1004.1,1007.5,32.0,24.9,66,0.5,210,3.2,210,0.0,0.0,0.8,2.33
11,1003.4,1006.8,33.4,25.9,65,1.0,320,5.9,280,0.0,0.0,0.6,2.22,12.0
12,1003.2,1006.6,33.3,25.5,64,1.1,320,6.4,300,0.0,0.0,0.9,3.50
13,1002.7,1006.1,33.4,25.5,63,1.5,350,6.5,330,0.0,0.0,0.6,2.64
14,1002.1,1005.5,32.1,24.7,65,1.1,310,7.2,10,0.0,0.0,0.3,1.45,12.0
15,1002.7,1006.2,26.4,23.2,83,1.2,240,6.4,310,14.7,0.5,0.0,0.14
16,1002.3,1005.8,28.2,24.4,80,1.1,200,4.7,160,0.0,0.0,0.0,0.29
17,1002.2,1005.7,27.5,25.0,86,0.9,170,4.9,180,2.5,0.4,0.1,0.45,10.0
18,1001.9,1005.4,28.0,24.6,82,1.2,130,2.9,180,0.0,0.0,0.5,0.39
19,1002.5,1005.9,28.6,23.8,75,2.8,90,7.1,90,0.0,0.0,0.0,0.00
20,1002.7,1006.2,28.2,22.7,72,3.2,90,6.7,110,0.0,0.0,0.00,10.0
21,1003.1,1006.6,28.0,22.8,73,3.5,80,6.8,70,0.0,0.0,0.00,11.0
22,1003.2,1006.7,28.2,22.9,73,3.5,90,7.5,60,0.0,0.0,0.00
23,1003.1,1006.6,28.0,23.1,75,2.9,80,8.7,70,0.0,0.0,0.00,12.0
24,1002.8,1006.3,28.1,23.0,74,3.5,80,7.1,80,0.0,0.0,0.00
1,1002.2,1005.7,27.8,23.4,77,3.4,80,7.5,70,0.0,0.0,0.00
2,1002.2,1005.7,27.5,23.6,79,2.2,80,8.4,90,0.0,0.0,0.00,12.0
3,1002.3,1005.8,27.2,23.5,80,1.5,90,6.4,90,0.0,0.0,0.00
4,1002.0,1005.5,27.1,23.4,80,2.0,100,5.1,60,0.0,0.0,0.00
5,1002.2,1005.7,26.0,22.1,79,1.3,180,3.6,100,0.0,0.0,0.00,18.0
6,1002.5,1006.0,25.8,21.1,75,0.9,150,2.9,170,0.0,0.0,0.0,0.00
7,1002.8,1006.3,26.5,21.8,75,0.7,180,3.4,180,0.0,0.0,0.4,0.56
8,1003.1,1006.6,28.3,23.9,77,1.1,190,3.5,160,0.0,0.0,0.7,1.10,18.0
9,1003.0,1006.4,31.0,25.5,73,2.5,90,5.5,70,0.0,0.0,0.9,2.07,25.0
10,1002.7,1006.1,32.1,24.7,65,4.1,90,9.3,90,0.0,0.0,0.6,2.20
11,1002.6,1006.0,32.4,25.0,65,3.2,80,9.2,80,0.0,0.0,0.9,3.33,22.0
12,1002.0,1005.4,33.0,24.9,63,3.5,60,8.7,70,0.0,0.0,0.9,3.40
13,1001.9,1005.3,32.8,25.1,64,3.0,60,10.8,30,0.0,0.0,1.0,3.52
14,1001.6,1005.0,32.1,24.9,66,4.9,70,10.8,90,0.0,0.0,0.9,3.43,22.0
15,1001.6,1005.0,32.2,25.1,66,5.0,60,10.7,10,0.0,0.0,0.8,2.85
16,1001.0,1004.4,32.1,25.0,66,3.7,60,10.4,60,0.0,0.0,1.0,1.94
17,1000.9,1004.3,30.8,24.3,68,3.0,70,9.9,80,0.0,0.0,0.8,1.17,16.0
18,1001.0,1004.4,30.3,24.8,72,3.7,80,9.4,70,0.0,0.0,0.3,0.36
19,1001.3,1004.7,30.0,24.6,73,2.3,70,7.9,80,T,0.3,0.0,0.00
20,1001.9,1005.4,27.6,24.3,82,3.7,160,8.0,70,T,1.0,0.00,10.0
21,1002.4,1005.9,27.8,24.8,84,1.6,70,5.7,160,1.5,1.0,0.00,10.0
22,1002.5,1006.0,28.0,25.0,84,2.6,90,5.3,80,T,1.0,0.00
23,1002.2,1005.7,28.2,25.0,83,3.5,80,6.4,80,T,0.2,0.00,16.0
24,1001.3,1004.7,28.4,25.2,83,1.6,110,7.3,70,0.0,0.0,0.00
1,1000.5,1003.9,28.0,25.0,84,2.3,80,5.8,90,0.3,0.3,0.00
2,999.6,1003.0,28.3,24.9,82,2.9,80,6.2,90,0.0,0.0,0.00,15.0
3,999.7,1003.1,28.3,24.8,81,3.3,80,7.6,80,0.0,0.0,0.00
4,999.9,1003.3,28.3,24.6,80,3.5,80,8.7,90,0.0,0.0,0.00
5,1000.1,1003.5,28.3,24.6,80,2.9,70,7.9,90,0.0,0.0,0.00,13.0
6,1000.1,1003.5,28.4,24.7,80,2.5,90,6.2,90,0.0,0.0,0.0,0.00
7,999.8,1003.2,28.9,24.7,78,3.7,80,8.4,70,0.0,0.0,0.4,0.31
8,1000.0,1003.4,29.7,25.4,78,3.1,70,9.0,80,0.0,0.0,0.6,1.14,12.0
9,999.5,1002.9,31.2,25.9,74,3.7,60,11.6,40,0.0,0.0,0.9,2.31,11.0
10,999.1,1002.5,31.6,25.9,72,4.8,80,13.1,80,0.0,0.0,0.8,2.65
11,998.3,1001.7,32.2,26.4,72,3.9,50,15.3,40,0.0,0.0,0.9,3.39,12.0
12,997.7,1001.1,31.3,26.0,74,3.8,60,16.4,70,0.5,0.1,0.3,2.36
13,996.6,1000.0,31.8,26.0,71,7.7,40,19.0,50,0.0,0.0,0.6,2.99
14,996.1,999.5,30.1,25.6,77,5.9,50,20.7,20,1.6,0.2,0.1,1.78,10.0
15,995.7,999.1,30.5,26.0,77,5.7,40,16.3,20,0.2,0.2,0.1,1.90
16,995.3,998.7,29.8,25.0,76,4.5,60,18.3,30,0.0,0.0,0.0,0.94
17,994.7,998.1,29.4,24.9,77,6.2,50,17.9,50,0.3,0.1,0.0,0.34,10.0
18,994.2,997.6,29.4,25.0,77,5.1,40,18.9,50,0.0,0.0,0.0,0.02
19,993.9,997.3,29.8,24.8,75,6.4,40,15.9,40,0.0,0.0,0.0,0.00
20,992.6,996.0,28.8,24.3,77,6.6,40,21.2,30,0.3,0.2,0.00,10.0
21,992.2,995.6,28.3,24.2,78,7.3,50,22.6,30,0.8,1.0,0.00,10.0
22,991.4,994.8,27.5,23.7,80,4.7,60,22.5,40,3.8,1.0,0.00
23,989.1,992.5,27.7,24.1,81,8.8,40,22.8,10,2.3,1.0,0.00,8.0
24,988.0,991.4,27.4,24.0,82,6.8,60,25.5,40,6.1,1.0,0.00
1,985.5,988.9,26.8,23.4,82,6.6,50,26.0,50,13.3,1.0,0.00
2,981.9,985.3,26.6,23.3,82,10.4,50,32.7,20,13.5,1.0,0.00,6.0
3,977.7,981.1,25.5,23.0,86,9.9,50,36.5,40,26.1,1.0,0.00
4,975.5,978.9,24.8,24.8,100,11.6,80,38.6,50,39.4,1.0,0.00
5,973.0,976.4,24.6,24.6,100,11.9,80,30.5,80,40.0,1.0,0.00,3.0
6,973.1,976.5,24.2,24.2,100,13.6,70,39.2,90,30.5,1.0,0.0,0.00
7,974.6,978.0,27.4,27.4,100,14.9,80,39.2,100,28.5,1.0,0.0,0.00
8,972.4,975.8,26.5,26.5,100,13.4,70,38.5,70,46.3,1.0,0.0,0.01,4.0
9,971.1,974.4,27.7,27.2,97,13.1,80,31.8,80,29.7,1.0,0.0,0.27,3.0
10,972.1,975.5,27.6,27.1,97,9.6,80,29.2,80,23.2,1.0,0.0,0.46
11,973.0,976.3,28.6,27.4,93,7.8,90,25.6,70,11.2,1.0,0.0,0.64,4.5
12,973.5,976.9,28.0,26.7,93,8.2,90,22.8,110,2.9,1.0,0.0,0.62
13,973.1,976.5,27.4,26.8,97,9.2,100,22.3,100,2.0,1.0,0.0,0.99
14,973.6,976.9,28.5,28.5,100,8.7,100,25.1,70,0.1,0.1,0.0,1.01,10.0
15,972.9,976.2,31.0,24.8,70,10.1,110,25.4,90,0.0,0.0,0.0,0.60
16,974.4,977.7,30.6,23.9,68,9.7,100,24.9,80,0.0,0.0,0.0,0.32
17,977.0,980.3,30.2,23.5,67,7.3,110,24.9,80,T,0.3,0.0,0.00,11.0
18,978.9,982.3,30.0,23.3,67,9.6,110,24.2,90,T,0.2,0.0,0.00
19,981.4,984.8,30.5,22.8,64,9.3,110,24.7,90,0.0,0.0,0.0,0.00
20,984.0,987.4,30.0,23.3,67,8.4,130,22.9,100,T,0.2,0.00,10.0
21,986.2,989.6,29.9,23.3,68,7.1,130,21.0,110,0.0,0.0,0.00,10.0
22,988.5,991.9,29.4,23.6,71,7.2,120,18.6,150,0.0,0.0,0.00
23,988.7,992.1,29.3,23.4,71,6.5,120,16.8,100,0.0,0.0,0.00,10.0
24,990.3,993.7,29.3,23.7,72,6.3,120,15.2,70,0.0,0.0,0.00
1,990.7,994.1,29.6,23.7,71,4.6,120,13.2,100,0.0,0.0,0.00
2,990.3,993.7,28.5,23.2,73,4.3,110,13.1,110,0.0,0.0,0.00,12.0
3,991.0,994.4,27.3,22.6,76,2.1,100,8.1,70,1.1,0.6,0.00
4,992.1,995.5,26.4,22.9,81,2.1,110,7.8,80,1.7,1.0,0.00
5,993.3,996.7,26.6,23.2,82,2.7,80,4.8,90,0.6,1.0,0.00,12.0
6,993.7,997.1,26.8,23.2,81,2.7,80,6.2,80,0.2,1.0,0.0,0.00
7,994.5,997.9,27.6,23.9,80,2.2,80,6.8,100,T,1.0,0.0,0.00
8,995.6,999.0,27.7,23.7,79,2.6,90,5.7,80,0.1,1.0,0.0,0.00,16.0
9,996.8,1000.2,27.5,24.6,84,0.7,130,5.1,70,0.2,1.0,0.0,0.30,15.0
10,997.4,1000.8,29.1,25.3,80,1.5,30,2.7,40,0.1,0.5,0.0,0.90
11,997.3,1000.7,30.6,26.1,77,1.6,90,3.8,20,0.0,0.0,0.1,1.81,18.0
12,997.0,1000.4,30.8,26.2,77,0.2,0,3.1,80,0.0,0.0,0.0,1.55
13,997.3,1000.7,31.3,25.4,71,1.3,150,3.2,100,0.0,0.0,0.1,1.78
14,998.4,1001.8,29.7,25.0,76,2.5,320,8.3,330,0.0,0.0,0.0,0.79,15.0
15,998.5,1001.9,29.4,25.3,79,1.1,300,6.3,330,0.0,0.0,0.0,0.62
16,998.5,1001.9,29.4,24.8,76,0.7,240,4.4,270,0.0,0.0,0.0,0.61
17,999.0,1002.4,29.3,24.8,77,0.2,0,2.5,270,0.0,0.0,0.0,0.60,15.0
18,999.3,1002.7,29.0,24.6,77,0.8,110,2.0,80,0.0,0.0,0.0,0.02
19,999.5,1002.9,28.6,24.0,76,2.0,60,4.9,90,0.0,0.0,0.0,0.00
20,1000.3,1003.7,28.5,24.2,78,1.3,50,2.8,20,0.0,0.0,0.00,12.0
21,1000.8,1004.2,28.1,24.5,81,0.6,110,2.6,10,0.0,0.0,0.00,12.0
22,1001.6,1005.1,27.8,24.3,81,0.8,110,3.0,90,0.0,0.0,0.00
23,1001.4,1004.9,27.4,24.2,83,0.1,0,2.9,100,0.0,0.0,0.00,12.0
24,1001.6,1005.1,27.4,24.3,83,0.6,210,1.5,250,0.0,0.0,0.00
1,1001.1,1004.6,27.3,24.1,83,1.0,130,2.0,110,0.0,0.0,0.00
2,1001.0,1004.5,26.9,24.2,85,0.0,0,1.6,100,0.0,0.0,0.00,10.0
3,1001.2,1004.7,26.8,23.9,84,0.3,190,2.3,150,0.0,0.0,0.00
4,1001.6,1005.1,26.7,23.5,83,1.4,130,2.5,110,0.0,0.0,0.00
5,1002.1,1005.6,26.4,23.3,83,1.5,170,3.2,130,0.0,0.0,0.00,11.0
6,1002.4,1005.9,26.4,23.7,85,0.7,170,2.5,170,0.0,0.0,0.0,0.00
7,1003.2,1006.7,27.3,24.2,83,0.7,210,1.8,160,0.0,0.0,0.0,0.37
8,1004.0,1007.4,28.9,25.1,80,0.7,150,2.3,170,0.0,0.0,0.9,1.26,11.0
9,1004.2,1007.6,30.0,24.9,74,0.1,0,2.2,220,0.0,0.0,0.4,1.45,16.0
10,1004.1,1007.5,31.6,25.5,70,0.5,150,1.9,140,0.0,0.0,0.1,1.64
11,1003.9,1007.3,33.2,26.9,70,0.3,20,3.0,340,0.0,0.0,0.5,2.40,12.0
12,1003.4,1006.8,33.5,26.1,65,0.6,320,3.2,280,0.0,0.0,0.8,2.88
13,1003.0,1006.4,33.8,26.3,65,1.0,330,5.2,340,0.0,0.0,0.6,2.74
14,1002.8,1006.2,32.4,25.3,66,2.9,330,7.3,320,0.0,0.0,0.1,2.08,12.0
15,1002.7,1006.1,32.4,25.0,65,1.0,330,7.2,310,0.0,0.0,0.3,1.98
16,1003.0,1006.4,31.4,24.8,68,2.2,20,7.3,330,0.0,0.0,0.0,0.57
17,1003.2,1006.6,30.9,24.2,68,1.9,120,4.8,110,0.0,0.0,0.0,0.15,16.0
18,1003.6,1007.0,29.4,24.4,75,0.6,150,4.8,180,0.0,0.0,0.0,0.00
19,1004.2,1007.6,29.6,24.2,73,1.1,120,2.9,160,0.0,0.0,0.0,0.00
20,1004.6,1008.0,29.4,23.9,72,2.0,60,4.7,70,0.0,0.0,0.00,12.0
21,1005.2,1008.7,29.1,23.8,73,1.5,110,4.4,100,0.0,0.0,0.00,12.0
22,1005.8,1009.3,28.5,24.1,77,1.4,170,2.7,130,0.0,0.0,0.00
23,1005.7,1009.2,28.4,24.1,78,0.9,170,2.5,170,0.0,0.0,0.00,12.0
24,1005.8,1009.3,27.8,23.8,79,1.1,180,3.3,180,0.0,0.0,0.00
1,1005.4,1008.9,27.5,23.8,80,1.6,100,3.2,90,0.0,0.0,0.00
2,1005.2,1008.7,27.2,23.5,80,0.7,180,3.0,170,0.0,0.0,0.00,12.0
3,1004.8,1008.3,26.8,23.3,81,0.3,160,2.5,150,0.0,0.0,0.00
4,1004.7,1008.2,26.7,23.0,80,1.3,180,2.9,150,0.0,0.0,0.00
5,1004.9,1008.4,26.3,22.8,81,1.1,170,4.2,160,0.0,0.0,0.00,12.0
6,1005.5,1009.0,26.3,22.9,82,1.4,130,2.9,140,0.0,0.0,0.0,0.00
7,1005.8,1009.3,26.9,23.1,80,1.0,150,3.1,160,0.0,0.0,0.3,0.52
8,1005.8,1009.3,29.0,24.6,77,1.3,170,2.7,210,0.0,0.0,0.9,1.23,13.0
9,1005.7,1009.1,30.7,25.2,73,0.8,160,2.2,140,0.0,0.0,1.0,1.99,13.0
10,1005.3,1008.7,32.3,25.3,67,1.1,140,3.2,70,0.0,0.0,0.9,2.68
11,1005.2,1008.6,33.0,25.0,63,0.4,V,3.0,230,0.0,0.0,0.7,2.50,15.0
12,1004.6,1008.0,34.8,23.5,52,1.0,240,3.8,290,0.0,0.0,0.9,3.23
13,1004.0,1007.4,34.6,25.2,58,2.2,330,7.5,320,0.0,0.0,0.9,3.33
14,1003.7,1007.1,33.8,25.8,63,1.6,330,6.8,330,0.0,0.0,0.6,2.38,20.0
15,1003.3,1006.7,32.4,26.1,70,2.5,10,6.9,330,0.0,0.0,0.4,1.46
16,1003.6,1007.1,28.0,25.1,84,3.5,90,7.3,30,16.1,0.5,0.0,0.03
17,1004.1,1007.6,27.8,25.2,86,2.5,80,6.1,120,0.1,1.0,0.0,0.00,15.0
18,1004.2,1007.7,28.5,25.3,83,1.9,110,4.3,80,T,0.2,0.0,0.00
19,1004.9,1008.4,28.4,25.2,83,0.3,220,2.7,140,0.0,0.0,0.0,0.00
20,1005.4,1008.9,28.5,25.0,81,0.7,190,2.1,160,0.0,0.0,0.00,12.0
21,1005.8,1009.3,28.5,25.1,82,1.9,150,3.5,160,0.0,0.0,0.00,12.0
22,1005.9,1009.4,28.1,24.7,82,1.1,150,3.6,160,0.0,0.0,0.00
23,1005.6,1009.1,28.0,24.7,82,0.9,160,2.5,160,0.0,0.0,0.00,12.0
24,1005.3,1008.8,27.4,24.5,84,0.9,140,3.3,170,0.0,0.0,0.00
1,1005.2,1008.7,27.3,24.1,83,1.2,160,2.9,180,0.0,0.0,0.00
2,1004.9,1008.4,26.9,23.6,82,0.8,170,3.5,170,0.0,0.0,0.00,12.0
3,1004.6,1008.1,26.8,23.3,81,1.8,150,3.3,160,0.0,0.0,0.00
4,1004.9,1008.4,26.6,23.1,81,1.6,160,3.9,160,0.0,0.0,0.00
5,1005.0,1008.5,26.2,23.1,83,0.7,170,4.2,160,0.0,0.0,0.00,12.0
6,1005.2,1008.7,26.4,23.0,82,1.3,150,2.9,160,0.0,0.0,0.0,0.00
7,1005.8,1009.3,27.0,23.4,81,1.3,200,3.2,170,0.0,0.0,0.6,0.33
8,1006.3,1009.8,28.8,24.8,79,0.5,190,3.2,150,0.0,0.0,1.0,1.04,15.0
9,1006.2,1009.6,30.5,25.6,75,0.6,90,1.8,20,0.0,0.0,1.0,1.93,16.0
10,1006.1,1009.5,32.8,25.6,66,1.1,190,3.1,160,0.0,0.0,1.0,2.70
11,1005.8,1009.2,34.0,24.8,59,1.3,220,5.3,160,0.0,0.0,1.0,3.32,24.0
12,1005.1,1008.5,34.8,24.7,56,0.7,V,5.3,260,0.0,0.0,0.9,3.27
13,1004.7,1008.1,33.9,25.7,62,1.8,340,7.6,340,0.0,0.0,0.6,2.38
14,1004.2,1007.6,33.0,26.3,68,1.8,350,6.8,360,0.0,0.0,0.5,2.47,20.0
15,1004.0,1007.4,31.2,26.1,74,2.0,360,6.5,330,T,0.1,0.2,1.18
16,1004.0,1007.4,29.0,25.5,81,3.0,30,6.9,50,2.1,1.0,0.0,0.10
17,1004.2,1007.6,28.9,25.4,81,1.7,70,5.9,30,0.1,1.0,0.0,0.00,15.0
18,1004.6,1008.0,29.6,25.5,79,1.6,40,5.1,50,T,0.2,0.0,0.00
19,1005.0,1008.4,29.5,25.0,77,1.7,60,3.4,80,0.0,0.0,0.0,0.00
20,1006.0,1009.4,29.7,25.0,76,1.4,50,3.9,30,0.0,0.0,0.00,15.0
21,1006.7,1010.2,29.5,25.0,77,0.5,100,3.6,80,0.0,0.0,0.00,15.0
22,1006.8,1010.3,29.2,25.1,79,1.6,160,3.0,200,0.0,0.0,0.00
23,1006.8,1010.3,28.9,24.9,79,0.6,120,2.7,100,0.0,0.0,0.00,16.0
24,1006.4,1009.9,28.7,25.1,81,0.6,140,2.0,120,0.0,0.0,0.00
1,1005.8,1009.3,28.6,25.0,81,0.6,170,2.0,150,0.0,0.0,0.00
2,1005.3,1008.8,27.3,25.3,89,0.7,190,2.7,260,2.5,0.8,0.00,12.0
3,1005.1,1008.6,27.3,25.4,89,0.7,120,1.9,120,0.0,0.0,0.00
4,1005.0,1008.5,27.3,25.3,89,0.5,170,1.8,180,0.0,0.0,0.00
5,1004.9,1008.4,27.2,25.3,89,0.0,0,1.9,170,0.0,0.0,0.00,15.0
6,1005.3,1008.8,27.4,25.5,89,0.1,0,1.5,170,0.0,0.0,0.0,0.00
7,1005.5,1009.0,28.3,25.3,84,1.2,140,2.6,130,0.0,0.0,0.4,0.25
8,1005.8,1009.2,29.5,26.0,82,0.6,170,2.6,90,0.0,0.0,0.8,1.32,15.0
9,1005.5,1008.9,30.8,26.4,77,0.3,120,2.2,210,0.0,0.0,1.0,2.00,14.0
10,1005.1,1008.5,32.5,26.1,69,0.3,190,2.3,110,0.0,0.0,0.9,2.64
11,1004.7,1008.1,34.8,26.2,61,0.5,310,3.7,280,0.0,0.0,1.0,3.27,15.0
12,1004.0,1007.4,35.2,27.3,64,2.4,340,6.9,340,0.0,0.0,0.9,3.56
13,1003.4,1006.8,33.4,25.8,65,0.8,V,6.8,20,0.0,0.0,0.3,1.83
14,1004.7,1008.2,26.3,23.2,83,5.6,100,9.7,110,2.0,0.5,0.0,0.12,4.0
15,1004.6,1008.1,25.8,23.2,86,2.4,110,9.6,90,12.0,1.0,0.0,0.00
16,1005.1,1008.6,25.7,23.2,86,2.3,210,5.2,150,2.0,0.7,0.0,0.03
17,1004.5,1008.0,25.7,23.6,88,1.1,80,4.8,170,9.5,0.5,0.1,0.44,16.0
18,1004.5,1008.0,26.2,22.3,79,0.5,150,4.2,150,2.5,0.7,0.0,0.12
19,1004.7,1008.2,26.3,22.6,80,0.5,150,1.8,120,0.0,0.0,0.0,0.00
20,1005.4,1008.9,26.7,23.0,80,0.1,0,1.7,230,0.0,0.0,0.00,16.0
21,1005.8,1009.3,26.7,22.7,79,1.6,100,3.2,100,0.0,0.0,0.00,16.0
22,1005.9,1009.4,26.5,23.9,86,0.9,150,3.1,100,0.0,0.0,0.00
23,1005.7,1009.2,26.5,23.6,84,0.3,90,3.0,180,0.0,0.0,0.00,13.0
24,1005.6,1009.1,26.3,23.5,85,0.9,200,2.2,170,0.0,0.0,0.00
1,1005.4,1008.9,26.4,22.9,81,1.0,150,4.0,180,0.0,0.0,0.00
2,1004.9,1008.4,26.1,22.8,82,1.3,140,3.0,150,0.0,0.0,0.00,13.0
3,1004.5,1008.0,26.1,23.0,83,1.4,140,3.1,140,0.0,0.0,0.00
4,1004.6,1008.1,26.3,22.8,81,0.8,230,3.0,150,0.0,0.0,0.00
5,1004.2,1007.7,26.0,22.5,81,1.3,140,4.2,150,0.0,0.0,0.00,20.0
6,1004.6,1008.1,26.0,22.8,83,0.8,160,3.4,150,0.0,0.0,0.0,0.00
7,1004.9,1008.4,26.6,23.3,82,0.5,160,2.5,170,0.0,0.0,0.0,0.09
8,1005.1,1008.6,28.0,23.7,78,0.9,160,3.5,170,0.0,0.0,0.2,0.90,24.0
9,1004.7,1008.1,29.6,24.3,73,0.5,110,2.0,110,0.0,0.0,0.6,1.84,20.0
10,1004.6,1008.0,31.8,25.5,69,1.1,140,2.4,360,0.0,0.0,1.0,3.23
11,1004.4,1007.8,33.1,24.9,62,0.3,20,2.7,310,0.0,0.0,0.6,2.49,16.0
12,1003.8,1007.2,34.1,25.5,61,0.3,40,4.2,350,0.0,0.0,0.5,2.33
13,1003.7,1007.1,31.0,24.2,67,2.4,80,6.6,80,T,0.1,0.0,0.49
14,1003.8,1007.3,27.7,24.6,83,2.2,70,9.0,80,12.0,0.7,0.1,1.04,10.0
15,1003.4,1006.9,28.2,25.0,83,3.7,70,7.4,80,0.2,0.1,0.0,0.82
16,1003.2,1006.6,28.9,25.0,80,3.0,90,7.6,60,0.0,0.0,0.0,1.05
17,1003.3,1006.7,29.0,24.2,75,1.5,80,6.0,90,0.6,0.1,0.1,0.57,24.0
18,1003.4,1006.8,29.2,24.0,74,1.6,130,2.9,160,T,0.2,0.0,0.00
19,1003.8,1007.2,29.2,23.7,72,1.1,130,2.7,110,0.0,0.0,0.0,0.00
20,1004.6,1008.0,29.0,23.5,72,0.3,160,3.0,130,0.0,0.0,0.00,15.0
21,1005.2,1008.7,28.7,23.3,73,1.0,120,3.0,60,0.0,0.0,0.00,15.0
22,1005.6,1009.1,28.2,23.3,75,1.3,130,3.5,120,0.0,0.0,0.00
23,1005.2,1008.7,27.9,22.9,74,0.7,110,3.4,140,0.0,0.0,0.00,14.0
24,1004.9,1008.4,27.8,22.9,75,1.1,200,2.0,210,0.0,0.0,0.00
1,1004.7,1008.2,27.4,23.2,78,1.0,150,2.4,140,0.0,0.0,0.00
2,1004.4,1007.9,27.0,22.9,78,1.4,160,3.7,90,0.0,0.0,0.00,14.0
3,1004.1,1007.6,27.0,22.7,77,1.1,150,2.4,190,0.0,0.0,0.00
4,1004.0,1007.5,26.8,22.6,78,0.5,140,4.2,150,0.0,0.0,0.00
5,1004.3,1007.8,26.7,22.5,78,0.5,120,3.6,170,0.0,0.0,0.00,15.0
6,1004.9,1008.4,26.9,22.6,77,0.1,0,2.5,160,0.0,0.0,0.0,0.00
7,1005.2,1008.7,27.0,22.7,77,0.6,120,3.5,160,0.0,0.0,0.0,0.08
8,1005.0,1008.5,28.6,23.5,74,1.6,150,3.3,180,0.0,0.0,0.3,0.91,24.0
9,1005.0,1008.4,30.8,24.0,67,0.2,0,3.6,120,0.0,0.0,0.8,1.91,24.0
10,1004.8,1008.2,33.1,23.5,57,2.8,240,5.9,210,0.0,0.0,0.7,2.40
11,1004.7,1008.1,34.0,23.5,54,3.9,250,11.4,260,0.0,0.0,0.5,2.80,24.0
12,1004.2,1007.6,35.1,23.6,52,4.3,260,8.9,270,0.0,0.0,0.4,2.96
13,1004.2,1007.6,33.6,23.7,56,4.5,250,12.3,270,0.0,0.0,0.3,2.42
14,1004.0,1007.4,32.1,23.3,60,5.7,260,13.7,270,0.0,0.0,0.0,1.06,24.0
15,1003.2,1006.6,31.5,23.7,63,2.9,230,10.4,250,0.0,0.0,0.0,1.20
16,1003.0,1006.4,32.0,23.7,62,2.1,240,7.2,220,0.0,0.0,0.0,0.86
17,1003.3,1006.7,32.4,22.8,57,2.3,250,7.7,250,0.0,0.0,0.1,0.60,24.0
18,1003.5,1006.9,32.3,22.3,56,2.2,270,7.9,280,0.0,0.0,0.0,0.17
19,1004.0,1007.4,31.5,22.4,59,2.2,230,7.4,290,0.0,0.0,0.0,0.00
20,1004.6,1008.0,30.9,22.6,61,1.4,190,3.5,220,0.0,0.0,0.00,16.0
21,1005.2,1008.6,30.7,22.5,62,1.8,210,4.5,210,0.0,0.0,0.00,16.0
22,1005.2,1008.6,30.4,22.7,64,1.5,200,3.9,210,0.0,0.0,0.00
23,1004.6,1008.0,29.2,24.0,74,1.8,160,3.9,160,0.0,0.0,0.00,14.0
24,1004.1,1007.5,29.0,23.9,74,0.4,190,3.1,140,0.0,0.0,0.00
1,1004.0,1007.4,29.2,23.8,73,0.9,150,2.4,220,0.0,0.0,0.00
2,1003.0,1006.5,28.3,23.4,75,1.9,120,4.8,130,0.0,0.0,0.00,16.0
3,1002.4,1005.8,28.3,23.2,74,0.6,200,3.6,90,0.0,0.0,0.00
4,1002.9,1006.3,28.5,23.2,73,1.7,180,3.2,180,0.0,0.0,0.00
5,1003.1,1006.5,28.5,22.9,72,0.9,130,3.1,80,0.0,0.0,0.00,16.0
6,1003.7,1007.2,28.0,22.9,74,0.4,150,3.0,160,0.0,0.0,0.0,0.00
7,1004.1,1007.6,28.4,22.7,71,0.0,0,2.8,160,0.0,0.0,0.0,0.00
8,1004.0,1007.4,30.6,22.5,62,2.2,250,4.9,280,0.0,0.0,0.1,0.60,22.0
9,1004.0,1007.4,31.8,22.9,59,4.3,280,11.7,280,0.0,0.0,0.1,1.23,25.0
10,1003.4,1006.8,32.6,23.4,58,2.7,270,10.8,280,0.0,0.0,0.4,1.92
11,1003.9,1007.3,30.6,23.1,64,3.4,290,11.3,270,0.0,0.0,0.2,1.18,25.0
12,1004.3,1007.8,28.6,23.0,72,3.7,280,11.4,280,T,0.1,0.0,0.92
13,1004.6,1008.1,26.4,22.9,81,2.8,260,11.7,280,3.1,0.6,0.0,0.37
14,1004.3,1007.8,27.1,23.4,80,2.5,250,7.3,270,1.6,1.0,0.0,0.48,10.0
15,1004.2,1007.7,27.1,22.9,78,3.8,240,12.4,210,0.1,0.2,0.0,0.60
16,1003.1,1006.5,28.5,23.2,73,3.4,250,9.7,250,0.0,0.0,0.0,0.60
17,1002.4,1005.8,29.3,23.0,69,2.5,220,8.3,250,0.0,0.0,0.0,0.60,25.0
18,1002.2,1005.6,30.1,22.3,63,1.6,220,7.3,250,0.0,0.0,0.0,0.18
19,1002.2,1005.6,30.3,21.5,59,1.9,230,5.6,230,0.0,0.0,0.0,0.00
20,1002.8,1006.2,30.8,20.8,55,2.0,250,5.6,260,0.0,0.0,0.00,40.0
21,1003.5,1006.9,30.1,20.7,57,1.5,230,6.8,230,0.0,0.0,0.00,40.0
22,1004.0,1007.5,28.6,21.2,64,1.2,90,2.2,180,0.0,0.0,0.00
23,1003.7,1007.2,27.6,21.8,71,0.7,130,2.7,140,0.0,0.0,0.00,40.0
24,1003.4,1006.9,27.6,21.8,71,1.8,130,4.7,120,0.0,0.0,0.00
1,1003.1,1006.6,27.3,21.8,72,2.0,140,5.2,150,0.0,0.0,0.00
2,1003.0,1006.5,27.0,21.7,73,1.2,140,5.2,170,0.0,0.0,0.00,30.0
3,1003.1,1006.6,27.1,21.6,72,1.1,190,3.0,160,0.0,0.0,0.00
4,1003.7,1007.2,26.9,21.2,71,1.0,120,3.1,170,0.0,0.0,0.00
5,1004.2,1007.7,26.6,21.5,74,0.8,90,2.4,100,0.0,0.0,0.00,40.0
6,1004.3,1007.8,26.8,21.6,73,0.8,130,2.5,130,0.0,0.0,0.0,0.00
7,1004.5,1008.0,26.9,21.8,74,0.5,100,2.5,170,0.0,0.0,0.0,0.00
8,1004.4,1007.9,28.4,22.6,71,0.6,210,2.6,230,0.0,0.0,0.0,0.19,25.0
9,1004.7,1008.1,30.2,23.7,68,1.6,250,5.1,210,0.0,0.0,0.1,0.82,18.0
10,1004.5,1007.9,30.7,24.4,69,1.9,210,4.3,240,0.0,0.0,0.1,1.07
11,1004.3,1007.7,31.9,25.4,69,1.1,290,5.2,210,0.0,0.0,0.2,1.59,24.0
12,1004.0,1007.4,32.1,25.5,68,3.8,290,8.7,280,0.0,0.0,0.0,0.99
13,1003.4,1006.8,33.7,26.1,65,2.9,300,7.7,280,0.0,0.0,0.6,2.55
14,1003.2,1006.6,34.0,25.3,61,3.4,280,8.8,280,0.0,0.0,0.0,2.03,18.0
15,1003.1,1006.5,33.1,25.1,63,3.3,280,9.9,300,0.0,0.0,0.0,1.57
16,1003.3,1006.7,32.6,25.1,65,2.7,290,8.2,290,0.0,0.0,0.0,1.06
17,1003.3,1006.7,31.6,25.2,69,1.4,270,5.6,290,0.2,0.1,0.0,0.64,20.0
18,1003.7,1007.1,31.8,24.7,66,1.2,300,5.1,270,0.0,0.0,0.0,0.24
19,1004.0,1007.4,30.8,24.5,69,1.0,350,4.6,350,0.0,0.0,0.0,0.00
20,1004.5,1007.9,30.2,23.9,69,1.1,130,2.9,350,0.0,0.0,0.00,16.0
21,1005.2,1008.6,29.5,23.8,71,1.1,150,3.0,160,0.0,0.0,0.00,16.0
22,1005.6,1009.1,29.1,23.6,72,2.0,150,4.0,170,0.0,0.0,0.00
23,1005.8,1009.3,28.8,23.4,73,1.3,150,3.0,160,0.0,0.0,0.00,16.0
24,1005.7,1009.2,28.5,23.3,74,0.8,100,2.3,170,0.0,0.0,0.00
1,1005.4,1008.9,28.4,23.3,74,0.8,150,2.0,140,0.0,0.0,0.00
2,1004.8,1008.3,28.1,23.1,74,0.9,160,2.8,140,0.0,0.0,0.00,14.0
3,1004.6,1008.1,27.5,23.0,77,1.8,130,4.2,110,0.0,0.0,0.00
4,1004.5,1008.0,27.3,22.8,76,1.1,120,3.5,150,0.0,0.0,0.00
5,1004.7,1008.2,27.2,22.8,77,1.3,140,3.4,130,0.0,0.0,0.00,14.0
6,1005.1,1008.6,27.0,22.8,78,1.9,140,3.7,140,0.0,0.0,0.0,0.00
7,1005.7,1009.2,28.1,23.4,76,0.3,210,2.2,160,0.0,0.0,0.7,0.51
8,1005.6,1009.1,28.3,23.5,75,1.6,160,2.8,180,0.0,0.0,0.0,0.22,20.0
9,1005.8,1009.2,30.5,24.9,72,1.5,150,4.0,190,0.0,0.0,0.3,1.27,18.0
10,1005.5,1008.9,31.7,25.1,68,0.4,50,3.4,90,0.0,0.0,0.4,2.13
11,1005.4,1008.8,32.6,25.2,65,0.7,40,2.5,30,0.0,0.0,0.1,1.77,16.0
12,1005.1,1008.5,32.3,25.3,67,0.8,320,6.4,330,0.0,0.0,0.0,1.20
13,1004.7,1008.1,31.6,25.5,70,3.2,360,8.1,350,0.0,0.0,0.0,1.43
14,1004.1,1007.5,30.9,25.5,73,4.3,40,8.0,40,0.0,0.0,0.0,0.97,13.0
15,1003.9,1007.4,28.2,23.9,78,2.7,110,8.7,130,T,0.1,0.0,0.15
16,1004.5,1008.0,26.0,23.6,87,3.1,140,7.6,90,13.4,1.0,0.0,0.00
17,1004.4,1007.9,26.0,23.7,87,0.8,80,8.3,90,41.1,1.0,0.0,0.00,3.5
18,1004.7,1008.2,25.7,23.5,88,0.3,120,3.3,80,34.2,1.0,0.0,0.00
19,1005.2,1008.7,25.8,23.2,86,1.1,90,3.6,150,2.8,1.0,0.0,0.00
20,1005.6,1009.1,25.9,23.3,86,1.9,110,3.8,90,T,0.1,0.00,10.0
21,1005.7,1009.2,26.2,23.5,85,1.4,110,2.9,100,0.0,0.0,0.00,13.0
22,1005.6,1009.1,26.3,23.8,86,0.6,100,1.7,100,0.0,0.0,0.00
23,1005.6,1009.1,26.4,23.7,85,1.1,120,2.9,30,0.0,0.0,0.00,14.0
24,1005.3,1008.8,26.3,23.9,87,0.5,130,3.0,90,0.0,0.0,0.00
1,1005.3,1008.8,26.4,23.7,85,0.7,200,2.0,90,0.0,0.0,0.00
2,1004.9,1008.4,26.1,23.4,85,1.2,160,2.6,170,0.0,0.0,0.00,14.0
3,1004.5,1008.0,25.7,22.9,85,1.3,160,2.8,160,0.0,0.0,0.00
4,1004.6,1008.1,25.4,22.7,85,0.6,160,3.0,160,0.0,0.0,0.00
5,1005.1,1008.6,26.0,23.1,84,1.8,110,3.3,170,0.0,0.0,0.00,14.0
6,1005.1,1008.6,26.1,23.2,84,0.6,120,2.7,160,0.0,0.0,0.0,0.00
7,1005.3,1008.8,27.4,23.8,81,0.8,130,2.5,140,0.0,0.0,1.0,0.48
8,1005.0,1008.4,29.4,25.4,79,2.4,70,5.5,70,0.0,0.0,0.8,1.33,13.0
9,1005.1,1008.5,31.1,25.8,74,2.7,80,6.3,80,0.0,0.0,1.0,2.12,25.0
10,1004.9,1008.3,32.5,26.0,69,2.9,80,6.6,80,0.0,0.0,0.9,2.81
11,1004.3,1007.7,33.8,26.0,64,1.9,90,6.3,90,0.0,0.0,1.0,3.32,25.0
12,1003.8,1007.2,35.5,26.5,60,1.3,110,5.4,50,0.0,0.0,0.9,3.47
13,1003.3,1006.7,34.8,26.8,63,2.2,70,6.5,80,0.0,0.0,0.8,3.05
14,1003.1,1006.5,33.1,26.2,67,4.6,70,10.8,90,0.0,0.0,0.8,3.26,20.0
15,1002.9,1006.3,32.2,24.9,65,5.5,80,11.7,80,0.0,0.0,0.6,2.45
16,1003.3,1006.7,31.4,24.9,68,4.8,70,11.5,80,0.0,0.0,0.2,1.01
17,1003.3,1006.7,30.7,24.0,68,3.3,80,10.6,70,0.0,0.0,0.9,1.10,18.0
18,1004.0,1007.4,29.8,24.1,72,4.6,70,8.5,70,0.0,0.0,0.5,0.39
19,1004.6,1008.0,29.4,24.3,74,4.3,70,10.2,70,0.0,0.0,0.0,0.00
20,1004.8,1008.2,29.1,24.3,75,4.3,60,9.2,70,0.0,0.0,0.00,18.0
21,1005.0,1008.5,29.0,24.4,76,3.0,70,7.7,80,0.0,0.0,0.00,18.0
22,1005.1,1008.6,29.0,24.5,77,2.7,70,7.5,80,0.0,0.0,0.00
23,1005.1,1008.6,29.0,23.7,73,2.7,80,6.0,70,0.0,0.0,0.00,20.0
24,1004.6,1008.1,28.5,22.7,71,3.5,70,7.9,80,0.0,0.0,0.00
1,1003.8,1007.3,28.2,21.7,68,3.6,80,9.2,80,0.0,0.0,0.00
2,1003.2,1006.7,27.9,22.8,74,4.3,70,8.1,60,0.0,0.0,0.00,20.0
3,1003.1,1006.6,28.0,23.1,75,2.5,100,7.7,90,0.0,0.0,0.00
4,1002.9,1006.4,28.1,23.6,77,4.1,80,7.2,80,0.0,0.0,0.00
5,1002.9,1006.4,27.8,23.6,78,2.3,90,7.0,70,0.0,0.0,0.00,20.0
6,1002.9,1006.4,28.0,23.6,77,2.6,80,5.6,80,0.0,0.0,0.0,0.00
7,1003.1,1006.5,28.9,23.9,74,2.9,70,5.8,70,0.0,0.0,1.0,0.53
8,1003.0,1006.4,30.6,24.5,70,4.7,70,9.0,70,0.0,0.0,1.0,1.38,25.0
9,1003.1,1006.5,32.0,24.7,65,4.0,100,8.6,80,0.0,0.0,0.7,1.70,25.0
10,1002.4,1005.8,32.4,24.7,64,3.9,90,10.9,130,0.0,0.0,0.9,2.64
11,1001.9,1005.3,34.2,24.5,57,5.0,130,11.5,120,0.0,0.0,1.0,3.34,30.0
12,1001.6,1005.0,35.4,24.5,53,2.4,120,9.9,90,0.0,0.0,1.0,3.58
13,1001.3,1004.7,34.5,23.0,51,4.6,120,11.5,120,0.0,0.0,1.0,3.59
14,1001.0,1004.4,34.7,22.6,50,4.6,120,10.1,140,0.0,0.0,0.7,3.42,25.0
15,1000.5,1003.9,34.4,23.3,53,4.5,110,10.9,130,0.0,0.0,0.8,2.83
16,1000.2,1003.6,33.5,23.7,57,4.9,90,10.5,90,0.0,0.0,0.9,1.89
17,1000.3,1003.7,32.2,23.3,59,4.1,80,10.1,60,0.0,0.0,0.8,1.05,25.0
18,1000.7,1004.1,31.2,23.5,64,4.6,90,11.0,70,0.0,0.0,0.4,0.28
19,1001.0,1004.4,30.4,23.5,67,5.8,80,11.5,100,0.0,0.0,0.0,0.00
20,1001.5,1004.9,30.1,23.6,68,2.8,90,9.7,100,0.0,0.0,0.00,15.0
21,1001.5,1004.9,30.0,24.0,70,4.7,80,9.7,80,0.0,0.0,0.00,15.0
22,1001.2,1004.6,29.7,24.1,72,3.2,80,8.6,70,0.0,0.0,0.00
23,1001.0,1004.4,29.6,23.9,72,3.5,80,8.5,70,0.0,0.0,0.00,15.0
24,1000.4,1003.8,29.2,23.9,73,2.9,80,8.9,90,0.0,0.0,0.00
1,999.7,1003.1,29.1,23.9,74,3.8,60,10.3,80,0.0,0.0,0.00
2,999.0,1002.4,29.3,23.4,71,3.7,70,8.0,70,0.0,0.0,0.00,15.0
3,998.6,1002.0,29.3,23.4,71,3.7,80,8.6,80,0.0,0.0,0.00
4,998.6,1002.0,29.2,23.4,71,3.9,80,9.6,70,0.0,0.0,0.00
5,999.0,1002.4,29.2,23.5,71,4.2,80,9.6,70,0.0,0.0,0.00,15.0
6,999.4,1002.8,29.0,23.4,72,4.8,80,9.2,70,0.0,0.0,0.0,0.00
7,999.5,1002.9,29.6,23.5,70,4.3,80,9.2,70,0.0,0.0,0.9,0.47
8,999.5,1002.9,30.7,24.3,69,4.3,80,9.8,90,0.0,0.0,0.8,1.24,30.0
9,999.3,1002.7,31.7,25.0,68,3.9,70,9.4,80,0.0,0.0,1.0,2.10,25.0
10,999.3,1002.7,32.0,24.9,66,3.2,120,9.4,60,0.0,0.0,0.6,2.18
11,998.9,1002.3,33.3,25.5,64,2.7,120,9.4,40,0.0,0.0,0.9,3.05,25.0
12,998.0,1001.4,33.5,25.0,61,5.8,100,11.9,90,0.0,0.0,1.0,3.64
13,997.7,1001.1,31.8,25.6,70,3.4,80,11.5,80,T,0.1,0.4,2.32
14,997.1,1000.5,30.7,26.0,76,4.4,110,10.9,80,1.0,0.9,0.4,2.48,20.0
15,996.4,999.8,32.3,25.5,67,5.3,100,12.9,80,T,0.1,0.8,2.42
16,996.7,1000.1,29.5,23.6,71,5.5,110,12.8,70,0.4,0.2,0.4,1.54
17,996.9,1000.3,28.6,23.6,74,2.7,100,11.6,100,0.5,0.7,0.5,0.92,20.0
18,996.9,1000.3,29.0,23.3,71,4.1,80,9.7,90,T,0.9,0.4,0.26
19,996.9,1000.3,29.1,23.5,72,3.7,80,9.6,70,0.0,0.0,0.0,0.00
20,997.2,1000.6,29.1,24.0,74,3.4,80,10.0,60,0.0,0.0,0.00,25.0
21,997.8,1001.2,29.1,24.0,74,4.7,80,9.7,90,0.0,0.0,0.00,25.0
22,997.6,1001.0,28.5,23.8,76,4.7,80,9.9,70,0.0,0.0,0.00
23,997.4,1000.8,29.1,24.0,74,3.4,80,8.0,110,0.0,0.0,0.00,20.0
24,997.1,1000.5,29.3,23.8,72,3.7,70,8.3,80,0.0,0.0,0.00
1,996.3,999.7,29.2,23.7,72,3.2,90,8.4,70,0.0,0.0,0.00
2,996.3,999.7,29.2,23.5,71,3.7,90,11.7,90,0.0,0.0,0.00,25.0
3,995.7,999.1,28.8,23.4,73,3.4,80,8.4,70,0.0,0.0,0.00
4,996.4,999.8,27.6,23.4,78,3.6,110,11.0,60,1.0,0.3,0.00
5,996.2,999.6,27.8,23.3,77,4.1,80,7.8,70,0.0,0.0,0.00,30.0
6,996.3,999.7,28.1,23.5,76,4.0,80,9.1,80,0.0,0.0,0.0,0.00
7,996.4,999.8,28.8,24.0,75,3.7,80,8.7,70,0.0,0.0,0.6,0.35
8,996.6,1000.0,30.1,25.1,75,3.4,80,8.3,70,0.0,0.0,0.9,1.27,30.0
9,996.3,999.7,31.0,25.6,73,3.8,80,8.5,30,0.0,0.0,0.8,1.76,20.0
10,996.3,999.7,30.6,24.6,70,4.0,100,11.4,60,0.0,0.0,0.7,2.21
11,995.4,998.8,32.3,25.7,68,4.2,80,12.9,80,0.0,0.0,0.9,3.17,20.0
12,994.5,997.9,32.3,25.6,68,5.7,90,12.6,90,0.0,0.0,0.8,3.16
13,994.6,998.0,30.1,25.4,76,5.0,70,15.1,70,T,0.2,0.5,2.53
14,993.8,997.2,31.7,24.8,67,4.2,90,10.9,110,0.0,0.0,0.7,3.21,25.0
15,993.7,997.1,31.9,24.3,64,4.5,80,12.5,70,0.0,0.0,0.6,1.82
16,993.9,997.3,30.6,24.8,71,4.8,70,12.2,100,0.0,0.0,0.8,1.86
17,993.9,997.3,30.1,24.3,71,4.5,70,13.9,80,0.0,0.0,0.8,0.87,16.0
18,994.3,997.7,27.7,22.5,73,3.5,80,11.2,60,1.0,0.3,0.0,0.01
19,994.2,997.6,28.1,23.4,76,4.4,80,8.9,70,0.0,0.0,0.0,0.00
20,994.2,997.6,27.0,23.7,82,4.0,60,11.0,70,0.5,0.5,0.00,13.0
21,994.5,997.9,27.6,24.3,82,3.2,80,8.5,70,0.5,0.5,0.00,8.0
22,994.4,997.8,28.0,24.3,80,4.4,80,9.3,70,0.5,0.8,0.00
23,993.7,997.1,27.7,24.3,82,4.5,70,9.8,70,0.0,0.0,0.00,15.0
24,993.3,996.7,27.6,24.1,81,4.0,70,9.4,50,0.5,0.5,0.00
1,993.2,996.6,26.2,22.7,81,3.3,70,8.7,80,4.0,1.0,0.00
2,992.6,996.0,26.7,23.3,82,4.1,70,8.6,80,T,0.8,0.00,13.0
3,992.2,995.6,26.7,23.7,84,3.1,80,10.6,60,2.0,0.9,0.00
4,992.1,995.5,26.7,23.6,83,4.6,70,11.1,70,1.0,1.0,0.00
5,992.1,995.5,27.0,24.0,84,4.0,80,11.2,80,0.5,1.0,0.00,13.0
6,992.1,995.5,26.7,23.9,85,4.5,80,10.9,90,1.5,1.0,0.0,0.00
7,992.2,995.6,27.3,24.4,84,4.0,70,9.7,40,T,1.0,0.0,0.00
8,992.3,995.7,28.2,25.0,83,3.3,50,9.5,70,T,0.4,0.0,0.41,11.0
9,993.0,996.4,26.7,24.0,85,3.2,70,10.3,70,7.0,0.6,0.0,0.33,10.0
10,992.8,996.2,27.2,24.4,85,3.2,80,7.3,70,T,0.1,0.1,1.25
11,992.3,995.7,28.6,25.4,83,2.2,60,7.3,80,0.0,0.0,0.0,1.01,12.0
12,992.2,995.6,27.6,24.7,84,1.2,100,8.2,20,1.0,0.4,0.0,0.65
13,991.4,994.8,29.0,25.6,82,2.1,40,6.5,100,T,0.1,0.0,1.37
14,991.3,994.7,30.1,26.4,81,2.5,20,8.4,10,0.0,0.0,0.0,1.73,12.0
15,991.2,994.6,28.0,24.4,81,2.4,80,7.1,40,T,0.7,0.0,0.52
16,991.0,994.4,27.8,24.8,84,1.4,40,7.1,80,2.0,1.0,0.0,0.26
17,991.2,994.6,27.3,24.3,84,0.2,0,6.5,30,1.0,0.8,0.0,0.05,12.0
18,991.9,995.3,28.0,24.5,81,0.5,260,3.6,350,T,0.7,0.0,0.00
19,992.5,995.9,28.1,24.8,82,0.7,220,4.3,120,0.0,0.0,0.0,0.00
20,993.1,996.5,27.8,25.1,85,0.8,200,3.3,230,0.0,0.0,0.00,12.0
21,993.6,997.0,27.9,25.0,84,0.5,320,3.3,280,0.5,0.3,0.00,12.0
22,994.2,997.6,27.6,24.9,85,0.3,V,3.4,330,0.5,0.5,0.00
23,994.5,997.9,27.7,24.8,84,0.9,340,5.3,300,2.0,0.8,0.00,10.0
24,994.4,997.8,27.7,24.8,84,2.0,310,8.1,300,T,0.3,0.00
1,994.7,998.1,27.8,24.5,82,1.6,280,7.9,320,1.5,0.6,0.00
2,994.5,997.9,27.9,24.7,83,2.0,280,5.2,280,0.5,0.4,0.00,10.0
3,994.8,998.2,27.8,24.8,84,1.3,290,5.2,290,0.0,0.0,0.00
4,995.4,998.8,27.8,24.6,83,1.4,280,9.4,320,0.0,0.0,0.00
5,995.6,999.0,27.6,24.5,83,1.6,300,5.8,300,T,0.2,0.00,12.0
6,995.9,999.3,27.7,24.2,81,2.2,290,6.7,290,T,0.2,0.0,0.00
7,996.6,1000.0,28.1,24.4,80,2.7,290,7.3,270,0.0,0.0,0.0,0.00
8,997.2,1000.6,28.2,23.9,78,3.4,280,7.6,280,T,0.2,0.0,0.18,14.0
9,998.0,1001.4,28.8,24.2,76,3.2,260,8.8,250,T,0.6,0.0,0.62,14.0
10,998.1,1001.5,29.6,24.7,75,2.8,240,6.3,260,0.0,0.0,0.0,1.10
11,997.6,1001.0,30.8,25.1,72,2.0,260,7.6,270,0.0,0.0,0.0,1.06,16.0
12,996.9,1000.3,31.9,25.0,67,4.1,270,8.2,280,0.0,0.0,0.6,2.35
13,996.5,999.9,32.0,25.0,67,4.6,260,11.3,280,0.0,0.0,0.5,2.63
14,996.1,999.5,32.1,25.3,67,2.7,280,9.4,280,0.0,0.0,0.0,1.37,16.0
15,996.0,999.4,33.6,25.6,63,6.0,290,11.9,280,0.0,0.0,0.4,2.01
16,996.3,999.7,33.2,25.1,63,2.5,290,11.5,270,0.0,0.0,0.9,2.16
17,996.8,1000.2,31.8,24.6,66,2.6,290,10.2,280,0.0,0.0,0.9,0.91,16.0
18,997.4,1000.8,30.9,24.7,70,1.4,290,7.3,280,0.0,0.0,0.4,0.38
19,998.2,1001.6,30.7,24.5,70,0.8,250,6.9,270,0.0,0.0,0.0,0.00
20,998.9,1002.3,30.3,24.4,71,0.6,230,3.8,290,0.0,0.0,0.00,12.0
21,999.3,1002.7,30.1,24.8,73,1.5,260,4.7,280,0.0,0.0,0.00,12.0
22,999.8,1003.2,29.8,24.7,74,1.9,260,4.5,280,0.0,0.0,0.00
23,999.8,1003.2,29.7,24.6,74,1.2,220,3.0,280,0.0,0.0,0.00,12.0
24,999.9,1003.3,29.4,24.9,77,1.2,220,3.5,200,0.0,0.0,0.00
1,999.6,1003.0,29.4,24.5,75,2.1,240,5.1,260,0.0,0.0,0.00
2,999.6,1003.0,29.3,24.4,75,0.8,260,4.7,200,0.0,0.0,0.00,12.0
3,999.7,1003.1,29.3,24.4,75,1.1,280,4.1,280,0.0,0.0,0.00
4,999.8,1003.2,29.2,24.4,75,1.0,270,6.0,290,0.0,0.0,0.00
5,1001.0,1004.5,27.0,23.3,80,2.0,310,6.7,300,0.2,0.5,0.00,10.0
6,1002.3,1005.8,25.3,22.7,86,0.8,330,5.6,320,9.5,1.0,0.0,0.00
7,1003.0,1006.5,24.8,21.8,83,1.2,320,5.7,290,11.0,1.0,0.0,0.00
8,1004.0,1007.5,25.1,22.0,83,1.3,120,4.3,350,1.3,1.0,0.0,0.00,10.0
9,1004.2,1007.7,24.6,21.5,83,0.9,170,2.8,270,2.3,1.0,0.0,0.00,7.0
10,1004.0,1007.5,25.6,23.0,86,0.9,200,2.3,230,1.1,0.9,0.0,0.68
11,1003.9,1007.4,26.9,23.5,82,0.6,220,2.6,170,0.0,0.0,0.0,1.00,12.0
12,1003.1,1006.5,28.7,24.2,77,0.8,130,2.4,120,0.0,0.0,0.1,1.80
13,1002.6,1006.0,29.2,23.6,72,0.6,40,2.6,350,0.0,0.0,0.0,1.42
14,1002.1,1005.5,30.1,24.7,73,0.5,70,3.9,340,0.0,0.0,0.1,1.54,15.0
15,1001.9,1005.3,31.2,25.4,71,0.7,70,4.3,70,0.0,0.0,0.7,2.17
16,1002.1,1005.5,30.2,23.6,68,2.4,70,4.8,40,0.0,0.0,0.4,1.34
17,1002.5,1005.9,29.0,22.4,68,3.8,80,7.0,80,0.0,0.0,0.1,0.72,18.0
18,1002.9,1006.4,27.9,22.3,72,4.8,70,8.7,80,0.0,0.0,0.0,0.04
19,1003.6,1007.1,27.7,22.2,72,3.9,80,10.4,80,0.0,0.0,0.0,0.00
20,1004.4,1007.9,27.6,22.0,72,3.3,80,8.8,70,0.0,0.0,0.00,15.0
21,1005.0,1008.5,27.6,22.1,72,2.9,80,7.8,90,0.0,0.0,0.00,13.0
22,1005.4,1008.9,27.7,22.0,71,2.5,90,6.7,70,0.0,0.0,0.00
23,1005.5,1009.0,27.5,21.8,71,3.7,80,9.3,70,0.0,0.0,0.00,13.0
24,1005.4,1008.9,27.5,21.5,70,2.5,80,6.6,90,0.0,0.0,0.00
1,1005.3,1008.8,27.3,21.7,72,2.0,90,4.3,70,0.0,0.0,0.00
2,1005.5,1009.0,27.3,21.6,71,2.0,90,4.3,90,0.0,0.0,0.00,12.0
3,1005.5,1009.0,27.2,21.5,71,0.4,170,3.0,130,0.0,0.0,0.00
4,1004.8,1008.3,26.8,21.4,72,0.0,0,1.9,140,0.0,0.0,0.00
5,1004.8,1008.3,26.6,21.7,75,0.7,160,1.7,150,0.0,0.0,0.00,13.0
6,1006.1,1009.6,26.8,21.7,74,1.2,120,2.7,140,0.0,0.0,0.0,0.00
7,1006.9,1010.4,27.1,22.0,74,0.2,0,2.3,90,0.0,0.0,0.0,0.00
8,1007.3,1010.8,27.8,22.7,74,0.5,130,1.9,160,0.0,0.0,0.0,0.51,15.0
9,1007.6,1011.1,28.4,22.3,70,0.9,90,2.6,140,0.0,0.0,0.0,0.67,13.0
10,1007.0,1010.4,30.0,22.0,62,2.5,80,4.4,80,0.0,0.0,0.1,1.52
11,1006.7,1010.1,30.8,22.4,61,1.5,110,5.5,70,0.0,0.0,0.0,1.59,16.0
12,1006.4,1009.8,30.5,22.0,61,1.9,60,4.7,100,0.0,0.0,0.1,1.75
13,1006.1,1009.5,30.4,22.6,63,2.7,80,4.5,90,0.0,0.0,0.0,0.76
14,1005.6,1009.0,29.9,23.1,67,2.9,80,6.4,80,0.0,0.0,0.0,1.14,13.0
15,1005.4,1008.8,29.4,23.3,70,3.8,80,6.4,80,0.0,0.0,0.1,1.09
16,1005.5,1009.0,28.9,23.2,71,3.9,80,7.3,80,T,0.2,0.0,0.60
17,1005.6,1009.1,28.5,23.0,72,3.0,80,7.1,70,T,0.8,0.0,0.39,13.0
18,1005.8,1009.3,27.7,22.5,73,2.7,80,6.5,80,0.2,0.5,0.0,0.00
19,1005.8,1009.3,28.0,23.0,74,2.5,80,5.3,90,T,1.0,0.0,0.00
20,1006.3,1009.8,27.7,22.7,74,1.9,90,5.6,60,0.1,1.0,0.00,12.0
21,1007.5,1011.0,26.7,22.5,78,1.8,160,3.5,80,0.6,1.0,0.00,9.0
22,1007.5,1011.0,25.7,22.7,84,0.6,120,4.4,150,1.8,1.0,0.00
23,1007.7,1011.2,25.1,22.0,83,1.7,140,4.0,150,2.8,1.0,0.00,8.0
24,1007.7,1011.2,24.7,21.8,84,0.8,120,3.3,150,2.5,1.0,0.00
1,1007.5,1011.0,24.6,21.6,83,1.3,110,2.1,110,0.5,1.0,0.00
2,1006.7,1010.2,24.3,21.7,85,0.8,120,2.0,80,1.5,1.0,0.00,10.0
3,1006.4,1009.9,24.3,21.8,86,0.8,150,1.8,100,T,1.0,0.00
4,1006.2,1009.7,24.4,21.6,84,0.6,110,2.4,120,T,1.0,0.00
5,1006.3,1009.8,24.4,21.8,85,0.2,0,1.7,170,T,1.0,0.00,10.0
6,1006.6,1010.1,24.5,21.9,85,0.1,0,1.8,90,0.5,1.0,0.0,0.00
7,1007.1,1010.6,24.5,22.0,86,0.7,110,1.5,70,2.0,1.0,0.0,0.00
8,1007.1,1010.6,25.0,22.5,86,0.2,0,1.6,70,2.0,1.0,0.0,0.00,8.0
9,1007.5,1011.0,25.4,22.4,83,1.4,80,2.6,70,0.5,1.0,0.0,0.45,12.0
10,1007.3,1010.8,26.2,23.3,84,1.1,100,4.1,70,T,1.0,0.0,0.76
11,1006.8,1010.3,27.2,24.2,84,1.6,40,3.6,30,T,0.2,0.0,1.22,15.0
12,1006.3,1009.8,28.3,24.7,81,2.1,30,4.1,30,0.0,0.0,0.0,1.82
13,1006.0,1009.5,26.7,22.9,80,3.2,80,5.9,70,0.5,0.3,0.0,0.51
14,1005.8,1009.3,25.0,22.7,87,3.1,80,5.4,70,30.5,1.0,0.0,0.00,1.5
15,1005.8,1009.3,24.9,22.6,87,2.7,40,5.7,80,22.7,1.0,0.0,0.00
16,1006.0,1009.5,25.0,22.5,86,2.1,140,4.4,40,9.3,1.0,0.0,0.00
17,1005.9,1009.4,25.5,22.9,86,1.1,100,2.8,140,0.4,1.0,0.0,0.22,15.0
18,1006.1,1009.6,25.6,23.0,86,0.8,90,3.1,60,T,0.3,0.0,0.00
19,1006.2,1009.7,25.3,22.9,87,0.9,110,3.5,60,0.0,0.0,0.0,0.00
20,1006.8,1010.3,25.4,22.9,86,1.0,100,3.9,100,0.0,0.0,0.00,15.0
21,1007.4,1010.9,25.4,23.2,88,0.2,0,2.0,100,0.0,0.0,0.00,15.0
22,1007.5,1011.0,25.6,23.2,87,0.6,190,1.7,150,0.0,0.0,0.00
23,1007.4,1010.9,25.6,22.9,85,0.9,100,2.3,170,0.0,0.0,0.00,15.0
24,1006.7,1010.2,25.2,22.9,87,0.0,0,1.3,100,0.1,0.2,0.00
1,1006.3,1009.8,25.4,22.9,86,1.2,210,1.9,210,0.0,0.0,0.00
2,1006.0,1009.5,25.0,22.9,88,0.1,0,2.2,180,0.0,0.0,0.00,15.0
3,1005.4,1008.9,24.9,22.8,88,0.2,0,1.3,170,0.0,0.0,0.00
4,1005.2,1008.7,25.1,22.5,86,1.0,160,2.6,160,0.0,0.0,0.00
5,1005.1,1008.6,25.0,22.7,87,0.9,160,1.7,180,0.0,0.0,0.00,15.0
6,1005.3,1008.8,25.2,22.8,87,0.2,0,1.9,120,0.0,0.0,0.0,0.00
7,1005.7,1009.2,26.1,23.4,85,0.6,190,1.5,210,0.0,0.0,0.0,0.25
8,1006.1,1009.6,26.8,23.5,82,0.3,160,1.4,210,0.0,0.0,0.0,0.60,13.0
9,1006.1,1009.6,27.7,23.7,79,0.3,180,1.6,180,0.0,0.0,0.0,0.65,12.0
10,1005.7,1009.2,28.4,23.7,76,0.4,150,2.4,220,0.0,0.0,0.0,0.90
11,1005.4,1008.9,28.5,23.6,75,1.0,160,1.9,260,0.0,0.0,0.0,0.60,12.0
12,1005.1,1008.6,28.6,24.4,78,0.4,V,3.2,330,0.0,0.0,0.0,0.77
13,1004.9,1008.4,25.6,22.8,85,0.2,0,6.5,290,3.7,0.4,0.0,0.42
14,1004.2,1007.7,26.2,23.6,86,0.9,150,2.0,80,2.0,1.0,0.0,0.26,6.0
15,1004.2,1007.7,25.8,23.4,87,2.1,160,3.6,90,10.9,1.0,0.0,0.00
16,1004.4,1007.9,25.0,22.7,87,2.4,80,4.3,70,19.1,1.0,0.0,0.00
17,1004.3,1007.8,25.0,22.7,87,1.3,80,4.4,90,12.1,1.0,0.0,0.00,5.0
18,1004.3,1007.8,25.2,22.7,86,1.9,80,3.8,80,8.2,1.0,0.0,0.00
19,1004.9,1008.4,25.3,22.8,86,1.6,90,3.7,50,0.7,1.0,0.0,0.00
20,1005.4,1008.9,25.1,22.4,85,2.1,100,6.1,80,1.7,1.0,0.00,10.0
21,1005.7,1009.2,25.3,22.7,86,2.0,80,4.8,80,T,0.2,0.00,12.0
22,1005.6,1009.1,25.3,22.6,85,2.9,80,5.7,80,0.0,0.0,0.00
23,1005.6,1009.1,25.3,22.7,86,1.1,90,5.3,70,0.0,0.0,0.00,12.0
24,1005.2,1008.7,25.0,22.7,87,0.3,120,2.6,80,0.6,0.6,0.00
1,1004.4,1007.9,25.1,22.5,86,2.2,80,4.5,70,0.5,1.0,0.00
2,1004.5,1008.0,24.8,22.7,88,0.4,160,2.9,70,0.3,1.0,0.00,12.0
3,1004.2,1007.7,24.9,22.6,87,0.2,0,2.0,120,0.1,1.0,0.00
4,1003.9,1007.4,24.8,22.6,88,0.5,190,1.8,160,0.2,1.0,0.00
5,1003.5,1007.0,24.8,22.3,86,0.9,100,2.2,100,0.2,1.0,0.00,10.0
6,1003.8,1007.3,24.8,22.4,87,1.0,100,2.2,60,0.2,1.0,0.0,0.00
7,1004.6,1008.1,25.1,22.6,86,1.2,90,3.6,80,0.6,1.0,0.0,0.00
8,1005.2,1008.7,25.6,23.3,87,0.5,40,2.6,70,T,1.0,0.0,0.00,18.0
9,1004.8,1008.3,26.0,23.6,87,0.7,90,2.1,70,T,0.1,0.0,0.56,20.0
10,1004.6,1008.1,26.6,23.8,85,0.9,90,2.4,180,T,0.1,0.0,0.60
11,1004.5,1008.0,28.0,25.1,84,2.2,80,4.5,70,T,0.1,0.0,1.34,20.0
12,1004.1,1007.5,30.0,26.0,79,1.1,40,4.2,80,0.0,0.0,0.1,2.13
13,1003.7,1007.1,30.1,25.2,75,1.1,70,4.1,40,0.0,0.0,0.0,2.01
14,1003.5,1006.9,28.9,23.9,74,2.7,80,4.9,70,0.0,0.0,0.0,0.83,20.0
15,1003.1,1006.6,28.1,23.5,76,2.0,90,6.4,80,T,0.5,0.0,0.44
16,1002.9,1006.4,26.9,22.8,78,3.4,80,7.0,80,0.4,1.0,0.0,0.28
17,1003.4,1006.9,26.4,22.9,81,2.1,70,6.8,70,0.7,1.0,0.0,0.00,10.0
18,1003.7,1007.2,26.1,22.7,82,1.4,90,5.1,90,1.5,1.0,0.0,0.00
19,1003.6,1007.1,25.4,22.9,86,0.3,110,4.3,280,5.6,1.0,0.0,0.00
20,1003.8,1007.3,25.7,23.1,86,0.7,120,4.4,80,0.3,1.0,0.00,12.0
21,1004.6,1008.1,25.9,23.1,85,1.5,100,3.0,140,T,1.0,0.00,12.0
22,1004.7,1008.2,25.7,22.9,85,1.3,110,4.3,70,T,0.3,0.00
23,1004.2,1007.7,25.6,23.2,87,1.1,40,4.2,70,0.0,0.0,0.00,12.0
24,1004.2,1007.7,25.5,23.3,88,0.1,0,3.1,70,0.1,0.5,0.00
1,1004.2,1007.7,25.6,23.2,87,0.1,0,1.6,90,0.5,1.0,0.00
2,1003.6,1007.1,25.4,22.9,86,1.6,80,3.0,130,T,0.5,0.00,12.0
3,1003.8,1007.3,25.2,23.1,88,0.7,40,2.6,50,T,0.4,0.00
4,1003.7,1007.2,25.2,22.9,87,0.7,200,2.1,210,0.5,1.0,0.00
5,1003.8,1007.3,25.3,23.0,87,0.9,110,2.6,60,T,0.7,0.00,12.0
6,1004.5,1008.0,25.2,23.1,88,0.3,180,2.7,220,T,0.5,0.0,0.00
7,1004.5,1008.0,25.6,23.3,87,1.2,80,2.0,100,0.5,1.0,0.0,0.00
8,1004.6,1008.1,26.4,24.0,87,0.2,0,2.4,120,T,0.3,0.0,0.65,15.0
9,1005.4,1008.9,27.0,24.2,85,0.6,160,1.5,150,0.0,0.0,0.0,0.60,16.0
10,1005.5,1009.0,28.5,24.7,80,0.5,V,2.7,270,0.0,0.0,0.0,1.12
11,1005.8,1009.3,28.2,22.7,72,3.3,270,6.8,270,0.0,0.0,0.0,1.13,16.0
12,1005.4,1008.9,28.2,23.2,74,1.6,260,6.8,280,0.0,0.0,0.0,1.03
13,1005.0,1008.5,27.6,23.4,78,0.6,310,4.4,280,0.0,0.0,0.0,0.41
14,1004.7,1008.2,27.7,23.6,78,0.3,300,5.1,290,T,0.4,0.0,0.69,16.0
15,1004.3,1007.8,27.5,23.4,78,0.3,40,3.7,290,T,0.2,0.0,0.28
16,1004.5,1008.0,27.2,23.1,78,1.7,310,5.8,340,0.0,0.0,0.0,0.52
17,1004.6,1008.1,26.8,22.9,79,0.6,320,7.0,330,T,0.7,0.0,0.00,20.0
18,1004.7,1008.2,26.2,22.7,81,0.5,20,3.0,310,0.4,1.0,0.0,0.00
19,1004.8,1008.3,26.3,23.0,82,0.2,0,2.0,270,0.1,1.0,0.0,0.00
20,1005.8,1009.3,25.5,22.9,86,0.4,210,2.4,290,1.5,1.0,0.00,6.0
21,1006.6,1010.1,25.4,22.8,86,0.9,100,2.4,70,4.3,1.0,0.00,4.5
22,1006.4,1009.9,25.2,22.6,86,1.7,90,4.1,100,1.2,1.0,0.00
23,1006.4,1009.9,25.0,22.4,86,1.2,90,5.2,80,0.6,1.0,0.00,15.0
24,1005.4,1008.9,25.1,22.8,87,2.8,70,7.0,70,0.3,0.8,0.00
