source 26.8,29.45,26.75,28.95,27.45,26.95,25.0,27.45 Normal
source 29.45,26.75,28.95,27.45,26.95,25.0,27.45,26.15 Normal
source 26.75,28.95,27.45,26.95,25.0,27.45,26.15,25.5 Normal
source 28.95,27.45,26.95,25.0,27.45,26.15,25.5,27.05 Normal
source 27.45,26.95,25.0,27.45,26.15,25.5,27.05,28.15 Normal
source 26.95,25.0,27.45,26.15,25.5,27.05,28.15,28.8 Normal
source 25.0,27.45,26.15,25.5,27.05,28.15,28.8,26.7 Normal
source 27.45,26.15,25.5,27.05,28.15,28.8,26.7,29.25 Normal
source 26.15,25.5,27.05,28.15,28.8,26.7,29.25,27.3 Normal
source 25.5,27.05,28.15,28.8,26.7,29.25,27.3,29.9 Normal
source 27.05,28.15,28.8,26.7,29.25,27.3,29.9,26.15 Normal
source 28.15,28.8,26.7,29.25,27.3,29.9,26.15,27.8 Normal
source 28.8,26.7,29.25,27.3,29.9,26.15,27.8,26.9 Normal
source 26.7,29.25,27.3,29.9,26.15,27.8,26.9,29.0 Normal
source 29.25,27.3,29.9,26.15,27.8,26.9,29.0,26.95 Normal
source 27.3,29.9,26.15,27.8,26.9,29.0,26.95,27.4 Normal
source 29.9,26.15,27.8,26.9,29.0,26.95,27.4,29.1 Normal
source 26.15,27.8,26.9,29.0,26.95,27.4,29.1,26.8 Normal
source 27.8,26.9,29.0,26.95,27.4,29.1,26.8,29.45 Normal
source 26.9,29.0,26.95,27.4,29.1,26.8,29.45,26.75 Normal
source 29.0,26.95,27.4,29.1,26.8,29.45,26.75,28.95 Normal
source 26.95,27.4,29.1,26.8,29.45,26.75,28.95,27.45 Normal
source 27.4,29.1,26.8,29.45,26.75,28.95,27.45,26.95 Normal
source 29.1,26.8,29.45,26.75,28.95,27.45,26.95,25.0 Normal
source 26.8,29.45,26.75,28.95,27.45,26.95,25.0,29.55 Normal
source 29.45,26.75,28.95,27.45,26.95,25.0,29.55,29.45 Normal
source 26.75,28.95,27.45,26.95,25.0,29.55,29.45,26.25 Normal
source 28.95,27.45,26.95,25.0,29.55,29.45,26.25,25.25 Normal
source 27.45,26.95,25.0,29.55,29.45,26.25,25.25,27.3 Normal
source 26.95,25.0,29.55,29.45,26.25,25.25,27.3,25.35 Normal
source 25.0,29.55,29.45,26.25,25.25,27.3,25.35,28.0 Normal
source 29.55,29.45,26.25,25.25,27.3,25.35,28.0,26.4 Normal
source 29.45,26.25,25.25,27.3,25.35,28.0,26.4,25.05 Normal
source 26.25,25.25,27.3,25.35,28.0,26.4,25.05,28.45 Normal
source 25.25,27.3,25.35,28.0,26.4,25.05,28.45,29.05 Normal
source 27.3,25.35,28.0,26.4,25.05,28.45,29.05,28.05 Normal
source 25.35,28.0,26.4,25.05,28.45,29.05,28.05,27.1 Normal
source 28.0,26.4,25.05,28.45,29.05,28.05,27.1,27.65 Down_Warning
source 26.4,25.05,28.45,29.05,28.05,27.1,27.65,29.0 Down_Warning
source 25.05,28.45,29.05,28.05,27.1,27.65,29.0,29.85 Down_Warning
source 28.45,29.05,28.05,27.1,27.65,29.0,29.85,27.05 Down_Warning
source 29.05,28.05,27.1,27.65,29.0,29.85,27.05,29.5 Down_Warning
source 28.05,27.1,27.65,29.0,29.85,27.05,29.5,26.05 Normal
source 27.1,27.65,29.0,29.85,27.05,29.5,26.05,27.3 Normal
source 27.65,29.0,29.85,27.05,29.5,26.05,27.3,28.05 Normal
source 29.0,29.85,27.05,29.5,26.05,27.3,28.05,25.95 Normal
source 29.85,27.05,29.5,26.05,27.3,28.05,25.95,25.25 Normal
source 27.05,29.5,26.05,27.3,28.05,25.95,25.25,25.95 Normal
source 29.5,26.05,27.3,28.05,25.95,25.25,25.95,27.05 Normal
source 26.05,27.3,28.05,25.95,25.25,25.95,27.05,26.3 Down_Warning
source 27.3,28.05,25.95,25.25,25.95,27.05,26.3,29.75 Normal
source 28.05,25.95,25.25,25.95,27.05,26.3,29.75,25.6 Normal
source 25.95,25.25,25.95,27.05,26.3,29.75,25.6,26.1 Normal
source 25.25,25.95,27.05,26.3,29.75,25.6,26.1,27.9 Normal
source 25.95,27.05,26.3,29.75,25.6,26.1,27.9,26.95 Normal
source 27.05,26.3,29.75,25.6,26.1,27.9,26.95,27.65 Normal
source 26.3,29.75,25.6,26.1,27.9,26.95,27.65,28.9 Normal
source 29.75,25.6,26.1,27.9,26.95,27.65,28.9,26.05 Normal
source 25.6,26.1,27.9,26.95,27.65,28.9,26.05,27.0 Down_Warning
source 26.1,27.9,26.95,27.65,28.9,26.05,27.0,27.15 Down_Warning
source 27.9,26.95,27.65,28.9,26.05,27.0,27.15,25.0 Down_Warning
source 26.95,27.65,28.9,26.05,27.0,27.15,25.0,27.14 Normal
source 27.65,28.9,26.05,27.0,27.15,25.0,27.14,29.29 Normal
source 28.9,26.05,27.0,27.15,25.0,27.14,29.29,31.43 Normal
source 26.05,27.0,27.15,25.0,27.14,29.29,31.43,33.57 Normal
source 27.0,27.15,25.0,27.14,29.29,31.43,33.57,35.71 Normal
source 27.15,25.0,27.14,29.29,31.43,33.57,35.71,37.86 Normal
source 25.0,27.14,29.29,31.43,33.57,35.71,37.86,40.0 Normal
source 27.14,29.29,31.43,33.57,35.71,37.86,40.0,42.55 Normal
source 29.29,31.43,33.57,35.71,37.86,40.0,42.55,44.75 Normal
source 31.43,33.57,35.71,37.86,40.0,42.55,44.75,43.75 Normal
source 33.57,35.71,37.86,40.0,42.55,44.75,43.75,43.05 Normal
source 35.71,37.86,40.0,42.55,44.75,43.75,43.05,41.5 Normal
source 37.86,40.0,42.55,44.75,43.75,43.05,41.5,43.65 Normal
source 40.0,42.55,44.75,43.75,43.05,41.5,43.65,42.3 Normal
source 42.55,44.75,43.75,43.05,41.5,43.65,42.3,44.55 Normal
source 44.75,43.75,43.05,41.5,43.65,42.3,44.55,43.85 Normal
source 43.75,43.05,41.5,43.65,42.3,44.55,43.85,44.2 Normal
source 43.05,41.5,43.65,42.3,44.55,43.85,44.2,44.25 Normal
source 41.5,43.65,42.3,44.55,43.85,44.2,44.25,41.0 Normal
source 43.65,42.3,44.55,43.85,44.2,44.25,41.0,42.9 Normal
source 42.3,44.55,43.85,44.2,44.25,41.0,42.9,42.95 Normal
source 44.55,43.85,44.2,44.25,41.0,42.9,42.95,40.3 Normal
source 43.85,44.2,44.25,41.0,42.9,42.95,40.3,44.55 Normal
source 44.2,44.25,41.0,42.9,42.95,40.3,44.55,40.05 Normal
source 44.25,41.0,42.9,42.95,40.3,44.55,40.05,44.8 Up_Warning
source 41.0,42.9,42.95,40.3,44.55,40.05,44.8,44.5 Up_Warning
source 42.9,42.95,40.3,44.55,40.05,44.8,44.5,40.1 Up_Warning
source 42.95,40.3,44.55,40.05,44.8,44.5,40.1,41.2 Up_Warning
source 40.3,44.55,40.05,44.8,44.5,40.1,41.2,44.55 Up_Warning
source 44.55,40.05,44.8,44.5,40.1,41.2,44.55,40.15 Up_Warning
source 40.05,44.8,44.5,40.1,41.2,44.55,40.15,41.05 Up_Warning
source 44.8,44.5,40.1,41.2,44.55,40.15,41.05,44.15 Normal
source 44.5,40.1,41.2,44.55,40.15,41.05,44.15,40.55 Up_Warning
source 40.1,41.2,44.55,40.15,41.05,44.15,40.55,41.75 Up_Warning
source 41.2,44.55,40.15,41.05,44.15,40.55,41.75,44.8 Up_Warning
source 44.55,40.15,41.05,44.15,40.55,41.75,44.8,43.9 Up_Warning
source 40.15,41.05,44.15,40.55,41.75,44.8,43.9,42.05 Normal
source 41.05,44.15,40.55,41.75,44.8,43.9,42.05,41.85 Normal
source 44.15,40.55,41.75,44.8,43.9,42.05,41.85,42.25 Normal
source 40.55,41.75,44.8,43.9,42.05,41.85,42.25,40.8 Normal
source 41.75,44.8,43.9,42.05,41.85,42.25,40.8,41.35 Normal
source 44.8,43.9,42.05,41.85,42.25,40.8,41.35,43.25 Normal
source 43.9,42.05,41.85,42.25,40.8,41.35,43.25,43.05 Normal
source 42.05,41.85,42.25,40.8,41.35,43.25,43.05,42.0 Normal
source 41.85,42.25,40.8,41.35,43.25,43.05,42.0,42.85 Normal
source 42.25,40.8,41.35,43.25,43.05,42.0,42.85,42.55 Normal
source 40.8,41.35,43.25,43.05,42.0,42.85,42.55,42.55 Normal
source 41.35,43.25,43.05,42.0,42.85,42.55,42.55,42.6 Normal
source 43.25,43.05,42.0,42.85,42.55,42.55,42.6,43.4 Normal
source 43.05,42.0,42.85,42.55,42.55,42.6,43.4,42.7 Normal
source 42.0,42.85,42.55,42.55,42.6,43.4,42.7,41.1 Normal
source 42.85,42.55,42.55,42.6,43.4,42.7,41.1,40.2 Normal
source 42.55,42.55,42.6,43.4,42.7,41.1,40.2,44.75 Normal
source 42.55,42.6,43.4,42.7,41.1,40.2,44.75,40.1 Normal
source 42.6,43.4,42.7,41.1,40.2,44.75,40.1,44.5 Up_Warning
source 43.4,42.7,41.1,40.2,44.75,40.1,44.5,43.0 Up_Warning
source 42.7,41.1,40.2,44.75,40.1,44.5,43.0,42.5 Up_Warning
source 41.1,40.2,44.75,40.1,44.5,43.0,42.5,44.3 Up_Warning
source 40.2,44.75,40.1,44.5,43.0,42.5,44.3,41.65 Up_Warning
source 44.75,40.1,44.5,43.0,42.5,44.3,41.65,41.15 Up_Warning
source 40.1,44.5,43.0,42.5,44.3,41.65,41.15,43.75 Up_Warning
source 44.5,43.0,42.5,44.3,41.65,41.15,43.75,44.05 Normal
source 43.0,42.5,44.3,41.65,41.15,43.75,44.05,43.85 Normal
source 42.5,44.3,41.65,41.15,43.75,44.05,43.85,42.6 Normal
source 44.3,41.65,41.15,43.75,44.05,43.85,42.6,40.1 Normal
source 41.65,41.15,43.75,44.05,43.85,42.6,40.1,40.45 Normal
source 41.15,43.75,44.05,43.85,42.6,40.1,40.45,40.65 Normal
